,cap,dim,rad,mean_cap,center_corr,K,EVD90,PR,P,M,N,layer,seed,model,manifold_type,norm_method,clean_accuracy,adv_accuracy,eps,eps_step,max_iter,random
0,1.2556299155563655,5.481259171968705,0.17598162404534773,1.3413457844142278,0.14183416872608418,11,27,18.71216583251953,50,50,784,0.pixels,4,MNIST_ConvNet,exemplar,lrns,0.9678,0.862,0.05,0.05,1,False
1,1.6080335529229561,5.478106369478279,0.08509982275983825,1.3413457844142278,0.14183416872608418,11,27,18.71216583251953,50,50,784,0.pixels,4,MNIST_ConvNet,exemplar,lrns,0.9678,0.862,0.05,0.05,1,False
2,1.027759697739141,5.6567556886815265,0.08129435787925832,1.3413457844142278,0.14183416872608418,11,27,18.71216583251953,50,50,784,0.pixels,4,MNIST_ConvNet,exemplar,lrns,0.9678,0.862,0.05,0.05,1,False
3,1.302364790210671,5.243818218177776,0.07785706331130918,1.3413457844142278,0.14183416872608418,11,27,18.71216583251953,50,50,784,0.pixels,4,MNIST_ConvNet,exemplar,lrns,0.9678,0.862,0.05,0.05,1,False
4,1.9539479111665956,5.197099788461556,0.06588630531136067,1.3413457844142278,0.14183416872608418,11,27,18.71216583251953,50,50,784,0.pixels,4,MNIST_ConvNet,exemplar,lrns,0.9678,0.862,0.05,0.05,1,False
5,1.750324900656469,5.139790146591588,0.07674971723506116,1.3413457844142278,0.14183416872608418,11,27,18.71216583251953,50,50,784,0.pixels,4,MNIST_ConvNet,exemplar,lrns,0.9678,0.862,0.05,0.05,1,False
6,1.1595214526740047,5.273932326579331,0.1066805344675193,1.3413457844142278,0.14183416872608418,11,27,18.71216583251953,50,50,784,0.pixels,4,MNIST_ConvNet,exemplar,lrns,0.9678,0.862,0.05,0.05,1,False
7,1.609592352183071,5.283767989094526,0.06914458174732552,1.3413457844142278,0.14183416872608418,11,27,18.71216583251953,50,50,784,0.pixels,4,MNIST_ConvNet,exemplar,lrns,0.9678,0.862,0.05,0.05,1,False
8,0.8169050435303569,6.022955873181568,0.22514903853149978,1.3413457844142278,0.14183416872608418,11,27,18.71216583251953,50,50,784,0.pixels,4,MNIST_ConvNet,exemplar,lrns,0.9678,0.862,0.05,0.05,1,False
9,0.7646564400099338,6.34646268672225,0.2811376591397818,1.3413457844142278,0.14183416872608418,11,27,18.71216583251953,50,50,784,0.pixels,4,MNIST_ConvNet,exemplar,lrns,0.9678,0.862,0.05,0.05,1,False
10,1.7393310290503314,5.460629513819934,0.09743284395290025,1.3413457844142278,0.14183416872608418,11,27,18.71216583251953,50,50,784,0.pixels,4,MNIST_ConvNet,exemplar,lrns,0.9678,0.862,0.05,0.05,1,False
11,1.281298823691431,5.364512608615506,0.09493255577070225,1.3413457844142278,0.14183416872608418,11,27,18.71216583251953,50,50,784,0.pixels,4,MNIST_ConvNet,exemplar,lrns,0.9678,0.862,0.05,0.05,1,False
12,1.4533597824188513,5.3875207826314195,0.13719950833575995,1.3413457844142278,0.14183416872608418,11,27,18.71216583251953,50,50,784,0.pixels,4,MNIST_ConvNet,exemplar,lrns,0.9678,0.862,0.05,0.05,1,False
13,1.2234755674940923,5.34092558918811,0.12077999133241839,1.3413457844142278,0.14183416872608418,11,27,18.71216583251953,50,50,784,0.pixels,4,MNIST_ConvNet,exemplar,lrns,0.9678,0.862,0.05,0.05,1,False
14,1.2637629429187396,5.6184084935280545,0.10723510714002439,1.3413457844142278,0.14183416872608418,11,27,18.71216583251953,50,50,784,0.pixels,4,MNIST_ConvNet,exemplar,lrns,0.9678,0.862,0.05,0.05,1,False
15,1.0694476200967542,5.674240054447685,0.11604268043305958,1.3413457844142278,0.14183416872608418,11,27,18.71216583251953,50,50,784,0.pixels,4,MNIST_ConvNet,exemplar,lrns,0.9678,0.862,0.05,0.05,1,False
16,1.171397993188447,5.271886513855193,0.10346610371845513,1.3413457844142278,0.14183416872608418,11,27,18.71216583251953,50,50,784,0.pixels,4,MNIST_ConvNet,exemplar,lrns,0.9678,0.862,0.05,0.05,1,False
17,1.2349694738514247,5.532577803262492,0.14672086736730278,1.3413457844142278,0.14183416872608418,11,27,18.71216583251953,50,50,784,0.pixels,4,MNIST_ConvNet,exemplar,lrns,0.9678,0.862,0.05,0.05,1,False
18,1.2816013414262488,5.277443472097673,0.09308799290249865,1.3413457844142278,0.14183416872608418,11,27,18.71216583251953,50,50,784,0.pixels,4,MNIST_ConvNet,exemplar,lrns,0.9678,0.862,0.05,0.05,1,False
19,1.2724037369412735,5.569047224640866,0.13194885984058283,1.3413457844142278,0.14183416872608418,11,27,18.71216583251953,50,50,784,0.pixels,4,MNIST_ConvNet,exemplar,lrns,0.9678,0.862,0.05,0.05,1,False
20,1.0465065868098118,5.437915300931664,0.11685914608512704,1.3413457844142278,0.14183416872608418,11,27,18.71216583251953,50,50,784,0.pixels,4,MNIST_ConvNet,exemplar,lrns,0.9678,0.862,0.05,0.05,1,False
21,1.5945678920476416,5.362900667923119,0.1134785715727565,1.3413457844142278,0.14183416872608418,11,27,18.71216583251953,50,50,784,0.pixels,4,MNIST_ConvNet,exemplar,lrns,0.9678,0.862,0.05,0.05,1,False
22,1.6531697637851706,5.515837885667127,0.07580883028066909,1.3413457844142278,0.14183416872608418,11,27,18.71216583251953,50,50,784,0.pixels,4,MNIST_ConvNet,exemplar,lrns,0.9678,0.862,0.05,0.05,1,False
23,2.0068722983777687,5.3484896160121425,0.10302522758446382,1.3413457844142278,0.14183416872608418,11,27,18.71216583251953,50,50,784,0.pixels,4,MNIST_ConvNet,exemplar,lrns,0.9678,0.862,0.05,0.05,1,False
24,1.3886987708635887,5.540951564405898,0.10193314551672751,1.3413457844142278,0.14183416872608418,11,27,18.71216583251953,50,50,784,0.pixels,4,MNIST_ConvNet,exemplar,lrns,0.9678,0.862,0.05,0.05,1,False
25,1.5268451593766212,5.241867317617092,0.062451384755517377,1.3413457844142278,0.14183416872608418,11,27,18.71216583251953,50,50,784,0.pixels,4,MNIST_ConvNet,exemplar,lrns,0.9678,0.862,0.05,0.05,1,False
26,1.6712219471198484,5.358084945036836,0.11830920404626948,1.3413457844142278,0.14183416872608418,11,27,18.71216583251953,50,50,784,0.pixels,4,MNIST_ConvNet,exemplar,lrns,0.9678,0.862,0.05,0.05,1,False
27,1.4786157741247528,5.5438245819564935,0.10359581125306686,1.3413457844142278,0.14183416872608418,11,27,18.71216583251953,50,50,784,0.pixels,4,MNIST_ConvNet,exemplar,lrns,0.9678,0.862,0.05,0.05,1,False
28,1.5931853895561159,5.436940131984094,0.06858147999397682,1.3413457844142278,0.14183416872608418,11,27,18.71216583251953,50,50,784,0.pixels,4,MNIST_ConvNet,exemplar,lrns,0.9678,0.862,0.05,0.05,1,False
29,1.5432749830905197,5.386507121415345,0.07675543427432907,1.3413457844142278,0.14183416872608418,11,27,18.71216583251953,50,50,784,0.pixels,4,MNIST_ConvNet,exemplar,lrns,0.9678,0.862,0.05,0.05,1,False
30,1.5050551522896045,5.670497784348012,0.12444524065849819,1.3413457844142278,0.14183416872608418,11,27,18.71216583251953,50,50,784,0.pixels,4,MNIST_ConvNet,exemplar,lrns,0.9678,0.862,0.05,0.05,1,False
31,1.5045419868883236,5.0960535354770204,0.08644901749339623,1.3413457844142278,0.14183416872608418,11,27,18.71216583251953,50,50,784,0.pixels,4,MNIST_ConvNet,exemplar,lrns,0.9678,0.862,0.05,0.05,1,False
32,1.0079174772933406,5.68104585750271,0.20515614300910665,1.3413457844142278,0.14183416872608418,11,27,18.71216583251953,50,50,784,0.pixels,4,MNIST_ConvNet,exemplar,lrns,0.9678,0.862,0.05,0.05,1,False
33,1.759493548887746,5.422077965828962,0.10059088615492803,1.3413457844142278,0.14183416872608418,11,27,18.71216583251953,50,50,784,0.pixels,4,MNIST_ConvNet,exemplar,lrns,0.9678,0.862,0.05,0.05,1,False
34,1.285420954178294,5.296485750443322,0.11131728579699045,1.3413457844142278,0.14183416872608418,11,27,18.71216583251953,50,50,784,0.pixels,4,MNIST_ConvNet,exemplar,lrns,0.9678,0.862,0.05,0.05,1,False
35,1.2962858245597564,5.438302305198337,0.13842340125557115,1.3413457844142278,0.14183416872608418,11,27,18.71216583251953,50,50,784,0.pixels,4,MNIST_ConvNet,exemplar,lrns,0.9678,0.862,0.05,0.05,1,False
36,1.349132273117117,5.37489531810838,0.08159038424964932,1.3413457844142278,0.14183416872608418,11,27,18.71216583251953,50,50,784,0.pixels,4,MNIST_ConvNet,exemplar,lrns,0.9678,0.862,0.05,0.05,1,False
37,2.168442973254941,5.351059727623304,0.10232077460813388,1.3413457844142278,0.14183416872608418,11,27,18.71216583251953,50,50,784,0.pixels,4,MNIST_ConvNet,exemplar,lrns,0.9678,0.862,0.05,0.05,1,False
38,1.1295839469619546,5.5218063130879464,0.15411926033364756,1.3413457844142278,0.14183416872608418,11,27,18.71216583251953,50,50,784,0.pixels,4,MNIST_ConvNet,exemplar,lrns,0.9678,0.862,0.05,0.05,1,False
39,1.1302785098293189,5.501090477019137,0.1324255742684307,1.3413457844142278,0.14183416872608418,11,27,18.71216583251953,50,50,784,0.pixels,4,MNIST_ConvNet,exemplar,lrns,0.9678,0.862,0.05,0.05,1,False
40,1.0732532275334985,5.706101973586668,0.11369461898855243,1.3413457844142278,0.14183416872608418,11,27,18.71216583251953,50,50,784,0.pixels,4,MNIST_ConvNet,exemplar,lrns,0.9678,0.862,0.05,0.05,1,False
41,2.024309861225237,5.0008504525110204,0.06680679614852332,1.3413457844142278,0.14183416872608418,11,27,18.71216583251953,50,50,784,0.pixels,4,MNIST_ConvNet,exemplar,lrns,0.9678,0.862,0.05,0.05,1,False
42,1.289217984737019,5.292161101766008,0.11153253119076258,1.3413457844142278,0.14183416872608418,11,27,18.71216583251953,50,50,784,0.pixels,4,MNIST_ConvNet,exemplar,lrns,0.9678,0.862,0.05,0.05,1,False
43,1.5317786654698788,5.406491826183432,0.08942319246524016,1.3413457844142278,0.14183416872608418,11,27,18.71216583251953,50,50,784,0.pixels,4,MNIST_ConvNet,exemplar,lrns,0.9678,0.862,0.05,0.05,1,False
44,1.738269838301633,5.324473653115239,0.12060400414122607,1.3413457844142278,0.14183416872608418,11,27,18.71216583251953,50,50,784,0.pixels,4,MNIST_ConvNet,exemplar,lrns,0.9678,0.862,0.05,0.05,1,False
45,1.4802916472639733,5.086197436200573,0.10134424133209985,1.3413457844142278,0.14183416872608418,11,27,18.71216583251953,50,50,784,0.pixels,4,MNIST_ConvNet,exemplar,lrns,0.9678,0.862,0.05,0.05,1,False
46,1.5240712700246535,5.083057142708975,0.10167105850147236,1.3413457844142278,0.14183416872608418,11,27,18.71216583251953,50,50,784,0.pixels,4,MNIST_ConvNet,exemplar,lrns,0.9678,0.862,0.05,0.05,1,False
47,1.0687905638384534,5.445720472844771,0.17248519574404123,1.3413457844142278,0.14183416872608418,11,27,18.71216583251953,50,50,784,0.pixels,4,MNIST_ConvNet,exemplar,lrns,0.9678,0.862,0.05,0.05,1,False
48,1.5220719636500497,5.199080216355526,0.12453335608449999,1.3413457844142278,0.14183416872608418,11,27,18.71216583251953,50,50,784,0.pixels,4,MNIST_ConvNet,exemplar,lrns,0.9678,0.862,0.05,0.05,1,False
49,1.2121595007887283,5.346764563079019,0.09273378866591345,1.3413457844142278,0.14183416872608418,11,27,18.71216583251953,50,50,784,0.pixels,4,MNIST_ConvNet,exemplar,lrns,0.9678,0.862,0.05,0.05,1,False
0,1.1066901124237898,5.61518623901567,0.19146115198594918,1.403044873749031,0.15664929855182164,12,23,16.44904556300855,50,50,2000,1.conv1,4,MNIST_ConvNet,exemplar,lrns,0.9678,0.862,0.05,0.05,1,False
1,1.2407848271140933,4.866515008380742,0.06153117583658168,1.403044873749031,0.15664929855182164,12,23,16.44904556300855,50,50,2000,1.conv1,4,MNIST_ConvNet,exemplar,lrns,0.9678,0.862,0.05,0.05,1,False
2,1.2214661442715884,4.849608830365986,0.06290682253143792,1.403044873749031,0.15664929855182164,12,23,16.44904556300855,50,50,2000,1.conv1,4,MNIST_ConvNet,exemplar,lrns,0.9678,0.862,0.05,0.05,1,False
3,1.667408630995227,5.4583915609451354,0.05743471953515763,1.403044873749031,0.15664929855182164,12,23,16.44904556300855,50,50,2000,1.conv1,4,MNIST_ConvNet,exemplar,lrns,0.9678,0.862,0.05,0.05,1,False
4,2.3922511538355837,5.068795048149132,0.047807258028893275,1.403044873749031,0.15664929855182164,12,23,16.44904556300855,50,50,2000,1.conv1,4,MNIST_ConvNet,exemplar,lrns,0.9678,0.862,0.05,0.05,1,False
5,1.558306892097488,5.164775458643979,0.06139578078627869,1.403044873749031,0.15664929855182164,12,23,16.44904556300855,50,50,2000,1.conv1,4,MNIST_ConvNet,exemplar,lrns,0.9678,0.862,0.05,0.05,1,False
6,1.264600770835016,5.388788656050327,0.10012658195580529,1.403044873749031,0.15664929855182164,12,23,16.44904556300855,50,50,2000,1.conv1,4,MNIST_ConvNet,exemplar,lrns,0.9678,0.862,0.05,0.05,1,False
7,1.1155316064114391,5.279827302582382,0.09406443710307481,1.403044873749031,0.15664929855182164,12,23,16.44904556300855,50,50,2000,1.conv1,4,MNIST_ConvNet,exemplar,lrns,0.9678,0.862,0.05,0.05,1,False
8,1.4933317868807627,5.3104608345563635,0.1290394217775301,1.403044873749031,0.15664929855182164,12,23,16.44904556300855,50,50,2000,1.conv1,4,MNIST_ConvNet,exemplar,lrns,0.9678,0.862,0.05,0.05,1,False
9,1.1132449918651584,5.356071260799263,0.18612010442158927,1.403044873749031,0.15664929855182164,12,23,16.44904556300855,50,50,2000,1.conv1,4,MNIST_ConvNet,exemplar,lrns,0.9678,0.862,0.05,0.05,1,False
10,1.3886296591162568,5.294320914346589,0.0743716763789418,1.403044873749031,0.15664929855182164,12,23,16.44904556300855,50,50,2000,1.conv1,4,MNIST_ConvNet,exemplar,lrns,0.9678,0.862,0.05,0.05,1,False
11,1.7280904088444877,5.425555503701264,0.06806066101811854,1.403044873749031,0.15664929855182164,12,23,16.44904556300855,50,50,2000,1.conv1,4,MNIST_ConvNet,exemplar,lrns,0.9678,0.862,0.05,0.05,1,False
12,1.021651305722931,5.260132176443092,0.09560469270731622,1.403044873749031,0.15664929855182164,12,23,16.44904556300855,50,50,2000,1.conv1,4,MNIST_ConvNet,exemplar,lrns,0.9678,0.862,0.05,0.05,1,False
13,1.7799819048747232,5.30561490436361,0.08042931848046263,1.403044873749031,0.15664929855182164,12,23,16.44904556300855,50,50,2000,1.conv1,4,MNIST_ConvNet,exemplar,lrns,0.9678,0.862,0.05,0.05,1,False
14,1.4243365642063623,5.22188757838516,0.0832541625866868,1.403044873749031,0.15664929855182164,12,23,16.44904556300855,50,50,2000,1.conv1,4,MNIST_ConvNet,exemplar,lrns,0.9678,0.862,0.05,0.05,1,False
15,1.2971987084298793,5.442621097835013,0.12112594827767846,1.403044873749031,0.15664929855182164,12,23,16.44904556300855,50,50,2000,1.conv1,4,MNIST_ConvNet,exemplar,lrns,0.9678,0.862,0.05,0.05,1,False
16,1.949403103911188,5.127422558331738,0.10968050202916413,1.403044873749031,0.15664929855182164,12,23,16.44904556300855,50,50,2000,1.conv1,4,MNIST_ConvNet,exemplar,lrns,0.9678,0.862,0.05,0.05,1,False
17,1.13448113583889,5.315885281666444,0.07978068182547457,1.403044873749031,0.15664929855182164,12,23,16.44904556300855,50,50,2000,1.conv1,4,MNIST_ConvNet,exemplar,lrns,0.9678,0.862,0.05,0.05,1,False
18,1.6837542771064988,4.950201374871665,0.07786727329024554,1.403044873749031,0.15664929855182164,12,23,16.44904556300855,50,50,2000,1.conv1,4,MNIST_ConvNet,exemplar,lrns,0.9678,0.862,0.05,0.05,1,False
19,1.519796011757416,5.345371893808926,0.09942580116641465,1.403044873749031,0.15664929855182164,12,23,16.44904556300855,50,50,2000,1.conv1,4,MNIST_ConvNet,exemplar,lrns,0.9678,0.862,0.05,0.05,1,False
20,1.3642651275377053,4.764051446785047,0.10665222354522481,1.403044873749031,0.15664929855182164,12,23,16.44904556300855,50,50,2000,1.conv1,4,MNIST_ConvNet,exemplar,lrns,0.9678,0.862,0.05,0.05,1,False
21,2.1034282942959988,5.058323705818415,0.09092314923848652,1.403044873749031,0.15664929855182164,12,23,16.44904556300855,50,50,2000,1.conv1,4,MNIST_ConvNet,exemplar,lrns,0.9678,0.862,0.05,0.05,1,False
22,1.2491463559989264,5.066725651272735,0.04940111848591156,1.403044873749031,0.15664929855182164,12,23,16.44904556300855,50,50,2000,1.conv1,4,MNIST_ConvNet,exemplar,lrns,0.9678,0.862,0.05,0.05,1,False
23,2.542915752421866,5.300468546450811,0.06745792810192926,1.403044873749031,0.15664929855182164,12,23,16.44904556300855,50,50,2000,1.conv1,4,MNIST_ConvNet,exemplar,lrns,0.9678,0.862,0.05,0.05,1,False
24,1.5852569002967656,5.181996663607163,0.07869884583324813,1.403044873749031,0.15664929855182164,12,23,16.44904556300855,50,50,2000,1.conv1,4,MNIST_ConvNet,exemplar,lrns,0.9678,0.862,0.05,0.05,1,False
25,1.3971438185580483,5.282244075622848,0.048071769883834777,1.403044873749031,0.15664929855182164,12,23,16.44904556300855,50,50,2000,1.conv1,4,MNIST_ConvNet,exemplar,lrns,0.9678,0.862,0.05,0.05,1,False
26,1.2758998175420364,5.286087856149957,0.10145461162867714,1.403044873749031,0.15664929855182164,12,23,16.44904556300855,50,50,2000,1.conv1,4,MNIST_ConvNet,exemplar,lrns,0.9678,0.862,0.05,0.05,1,False
27,1.7006281303785573,5.020401979934085,0.08175679112514399,1.403044873749031,0.15664929855182164,12,23,16.44904556300855,50,50,2000,1.conv1,4,MNIST_ConvNet,exemplar,lrns,0.9678,0.862,0.05,0.05,1,False
28,2.8267378618243333,4.745061122915663,0.053936035406180666,1.403044873749031,0.15664929855182164,12,23,16.44904556300855,50,50,2000,1.conv1,4,MNIST_ConvNet,exemplar,lrns,0.9678,0.862,0.05,0.05,1,False
29,1.6897325549953042,5.336829767674107,0.060152491538710225,1.403044873749031,0.15664929855182164,12,23,16.44904556300855,50,50,2000,1.conv1,4,MNIST_ConvNet,exemplar,lrns,0.9678,0.862,0.05,0.05,1,False
30,1.1831432297176043,5.375568906030536,0.09530443322530648,1.403044873749031,0.15664929855182164,12,23,16.44904556300855,50,50,2000,1.conv1,4,MNIST_ConvNet,exemplar,lrns,0.9678,0.862,0.05,0.05,1,False
31,1.7852985654526616,5.3337359664421555,0.06639105459189239,1.403044873749031,0.15664929855182164,12,23,16.44904556300855,50,50,2000,1.conv1,4,MNIST_ConvNet,exemplar,lrns,0.9678,0.862,0.05,0.05,1,False
32,1.2446275041671333,5.663358295843782,0.19515739357648815,1.403044873749031,0.15664929855182164,12,23,16.44904556300855,50,50,2000,1.conv1,4,MNIST_ConvNet,exemplar,lrns,0.9678,0.862,0.05,0.05,1,False
33,1.8129716788102948,5.072307507713606,0.06371612141733135,1.403044873749031,0.15664929855182164,12,23,16.44904556300855,50,50,2000,1.conv1,4,MNIST_ConvNet,exemplar,lrns,0.9678,0.862,0.05,0.05,1,False
34,1.274152787399063,5.281731881661102,0.1404157945001462,1.403044873749031,0.15664929855182164,12,23,16.44904556300855,50,50,2000,1.conv1,4,MNIST_ConvNet,exemplar,lrns,0.9678,0.862,0.05,0.05,1,False
35,1.4601073959034694,5.521035227146209,0.13305320932532994,1.403044873749031,0.15664929855182164,12,23,16.44904556300855,50,50,2000,1.conv1,4,MNIST_ConvNet,exemplar,lrns,0.9678,0.862,0.05,0.05,1,False
36,1.2100039665320756,5.182259303140527,0.059305113658781494,1.403044873749031,0.15664929855182164,12,23,16.44904556300855,50,50,2000,1.conv1,4,MNIST_ConvNet,exemplar,lrns,0.9678,0.862,0.05,0.05,1,False
37,1.2665154945824992,5.507686295093463,0.090800611829653,1.403044873749031,0.15664929855182164,12,23,16.44904556300855,50,50,2000,1.conv1,4,MNIST_ConvNet,exemplar,lrns,0.9678,0.862,0.05,0.05,1,False
38,1.573832755589052,5.081742159082093,0.08706278049395771,1.403044873749031,0.15664929855182164,12,23,16.44904556300855,50,50,2000,1.conv1,4,MNIST_ConvNet,exemplar,lrns,0.9678,0.862,0.05,0.05,1,False
39,1.1392322100509427,5.112968170876912,0.11507686824999265,1.403044873749031,0.15664929855182164,12,23,16.44904556300855,50,50,2000,1.conv1,4,MNIST_ConvNet,exemplar,lrns,0.9678,0.862,0.05,0.05,1,False
40,0.778659665517454,6.208934186786696,0.2954014806158767,1.403044873749031,0.15664929855182164,12,23,16.44904556300855,50,50,2000,1.conv1,4,MNIST_ConvNet,exemplar,lrns,0.9678,0.862,0.05,0.05,1,False
41,1.1457531911448087,5.390329753850445,0.04948907912782858,1.403044873749031,0.15664929855182164,12,23,16.44904556300855,50,50,2000,1.conv1,4,MNIST_ConvNet,exemplar,lrns,0.9678,0.862,0.05,0.05,1,False
42,1.1028140623070724,5.3579885041489295,0.0996214303882303,1.403044873749031,0.15664929855182164,12,23,16.44904556300855,50,50,2000,1.conv1,4,MNIST_ConvNet,exemplar,lrns,0.9678,0.862,0.05,0.05,1,False
43,1.523190610529984,5.20360166871607,0.06997785980016398,1.403044873749031,0.15664929855182164,12,23,16.44904556300855,50,50,2000,1.conv1,4,MNIST_ConvNet,exemplar,lrns,0.9678,0.862,0.05,0.05,1,False
44,1.3051943333884692,5.1131010417379885,0.1069050377512713,1.403044873749031,0.15664929855182164,12,23,16.44904556300855,50,50,2000,1.conv1,4,MNIST_ConvNet,exemplar,lrns,0.9678,0.862,0.05,0.05,1,False
45,1.3074342465368118,5.294079256559674,0.09350347275539543,1.403044873749031,0.15664929855182164,12,23,16.44904556300855,50,50,2000,1.conv1,4,MNIST_ConvNet,exemplar,lrns,0.9678,0.862,0.05,0.05,1,False
46,2.195251855910222,5.019698887990409,0.07822552744760948,1.403044873749031,0.15664929855182164,12,23,16.44904556300855,50,50,2000,1.conv1,4,MNIST_ConvNet,exemplar,lrns,0.9678,0.862,0.05,0.05,1,False
47,1.2613873546066734,5.631758824525231,0.17322931456680712,1.403044873749031,0.15664929855182164,12,23,16.44904556300855,50,50,2000,1.conv1,4,MNIST_ConvNet,exemplar,lrns,0.9678,0.862,0.05,0.05,1,False
48,1.8086630552509264,5.227888196105828,0.09877047605630086,1.403044873749031,0.15664929855182164,12,23,16.44904556300855,50,50,2000,1.conv1,4,MNIST_ConvNet,exemplar,lrns,0.9678,0.862,0.05,0.05,1,False
49,1.320497201720039,5.218803594240726,0.09892904665305988,1.403044873749031,0.15664929855182164,12,23,16.44904556300855,50,50,2000,1.conv1,4,MNIST_ConvNet,exemplar,lrns,0.9678,0.862,0.05,0.05,1,False
0,1.381143959694978,4.737328349927547,0.07512397703613162,1.5629900385677005,0.16006904446348852,12,26,16.370498657226562,50,50,2000,2.norm,4,MNIST_ConvNet,exemplar,lrns,0.9678,0.862,0.05,0.05,1,False
1,1.8433387696119594,4.852662299397635,0.06057707969498278,1.5629900385677005,0.16006904446348852,12,26,16.370498657226562,50,50,2000,2.norm,4,MNIST_ConvNet,exemplar,lrns,0.9678,0.862,0.05,0.05,1,False
2,2.265176596147239,4.660624165542194,0.04042461853113051,1.5629900385677005,0.16006904446348852,12,26,16.370498657226562,50,50,2000,2.norm,4,MNIST_ConvNet,exemplar,lrns,0.9678,0.862,0.05,0.05,1,False
3,1.5564965877108683,5.0527099794613175,0.04239465507713469,1.5629900385677005,0.16006904446348852,12,26,16.370498657226562,50,50,2000,2.norm,4,MNIST_ConvNet,exemplar,lrns,0.9678,0.862,0.05,0.05,1,False
4,1.3957611937098195,5.0102165830344285,0.035372380644397315,1.5629900385677005,0.16006904446348852,12,26,16.370498657226562,50,50,2000,2.norm,4,MNIST_ConvNet,exemplar,lrns,0.9678,0.862,0.05,0.05,1,False
5,1.7396885725876852,4.726121401526572,0.03887404445448519,1.5629900385677005,0.16006904446348852,12,26,16.370498657226562,50,50,2000,2.norm,4,MNIST_ConvNet,exemplar,lrns,0.9678,0.862,0.05,0.05,1,False
6,0.8128996859396203,5.171940786361757,0.2402029163955948,1.5629900385677005,0.16006904446348852,12,26,16.370498657226562,50,50,2000,2.norm,4,MNIST_ConvNet,exemplar,lrns,0.9678,0.862,0.05,0.05,1,False
7,1.629013758116363,4.74684540887752,0.046163432692603215,1.5629900385677005,0.16006904446348852,12,26,16.370498657226562,50,50,2000,2.norm,4,MNIST_ConvNet,exemplar,lrns,0.9678,0.862,0.05,0.05,1,False
8,1.3977613493089387,4.787547825844352,0.1030447724050795,1.5629900385677005,0.16006904446348852,12,26,16.370498657226562,50,50,2000,2.norm,4,MNIST_ConvNet,exemplar,lrns,0.9678,0.862,0.05,0.05,1,False
9,0.7662502582395874,5.129760944654522,0.29605742934419077,1.5629900385677005,0.16006904446348852,12,26,16.370498657226562,50,50,2000,2.norm,4,MNIST_ConvNet,exemplar,lrns,0.9678,0.862,0.05,0.05,1,False
10,1.9797774065383527,5.0342094728892315,0.04932986089887849,1.5629900385677005,0.16006904446348852,12,26,16.370498657226562,50,50,2000,2.norm,4,MNIST_ConvNet,exemplar,lrns,0.9678,0.862,0.05,0.05,1,False
11,2.0543852941249092,4.631192896795545,0.06684488147554646,1.5629900385677005,0.16006904446348852,12,26,16.370498657226562,50,50,2000,2.norm,4,MNIST_ConvNet,exemplar,lrns,0.9678,0.862,0.05,0.05,1,False
12,1.6997570050331203,4.796571557390879,0.07776122402115411,1.5629900385677005,0.16006904446348852,12,26,16.370498657226562,50,50,2000,2.norm,4,MNIST_ConvNet,exemplar,lrns,0.9678,0.862,0.05,0.05,1,False
13,2.3391048833735217,4.847912804035642,0.061983135159062695,1.5629900385677005,0.16006904446348852,12,26,16.370498657226562,50,50,2000,2.norm,4,MNIST_ConvNet,exemplar,lrns,0.9678,0.862,0.05,0.05,1,False
14,1.6793737113547456,4.717288307042812,0.05075724191493304,1.5629900385677005,0.16006904446348852,12,26,16.370498657226562,50,50,2000,2.norm,4,MNIST_ConvNet,exemplar,lrns,0.9678,0.862,0.05,0.05,1,False
15,1.3092138025266165,5.028113400946815,0.0548016715674114,1.5629900385677005,0.16006904446348852,12,26,16.370498657226562,50,50,2000,2.norm,4,MNIST_ConvNet,exemplar,lrns,0.9678,0.862,0.05,0.05,1,False
16,1.4232013591125008,4.723674746201525,0.045931637548265125,1.5629900385677005,0.16006904446348852,12,26,16.370498657226562,50,50,2000,2.norm,4,MNIST_ConvNet,exemplar,lrns,0.9678,0.862,0.05,0.05,1,False
17,1.4000145297982114,4.868602407833515,0.047311902282974445,1.5629900385677005,0.16006904446348852,12,26,16.370498657226562,50,50,2000,2.norm,4,MNIST_ConvNet,exemplar,lrns,0.9678,0.862,0.05,0.05,1,False
18,1.5553145481490607,4.494708904728301,0.07329296877666999,1.5629900385677005,0.16006904446348852,12,26,16.370498657226562,50,50,2000,2.norm,4,MNIST_ConvNet,exemplar,lrns,0.9678,0.862,0.05,0.05,1,False
19,2.3757488902154833,4.3699068606264175,0.05947420918611299,1.5629900385677005,0.16006904446348852,12,26,16.370498657226562,50,50,2000,2.norm,4,MNIST_ConvNet,exemplar,lrns,0.9678,0.862,0.05,0.05,1,False
20,1.907497632388508,5.161579549667566,0.06015415174481808,1.5629900385677005,0.16006904446348852,12,26,16.370498657226562,50,50,2000,2.norm,4,MNIST_ConvNet,exemplar,lrns,0.9678,0.862,0.05,0.05,1,False
21,1.546842665880979,4.91174031297045,0.08902616161324925,1.5629900385677005,0.16006904446348852,12,26,16.370498657226562,50,50,2000,2.norm,4,MNIST_ConvNet,exemplar,lrns,0.9678,0.862,0.05,0.05,1,False
22,1.8213498020532644,5.064492848883082,0.039485367026956444,1.5629900385677005,0.16006904446348852,12,26,16.370498657226562,50,50,2000,2.norm,4,MNIST_ConvNet,exemplar,lrns,0.9678,0.862,0.05,0.05,1,False
23,2.561121443765179,4.689087583904932,0.03524307594633941,1.5629900385677005,0.16006904446348852,12,26,16.370498657226562,50,50,2000,2.norm,4,MNIST_ConvNet,exemplar,lrns,0.9678,0.862,0.05,0.05,1,False
24,1.7312830705011808,4.631806947738227,0.057198436433013304,1.5629900385677005,0.16006904446348852,12,26,16.370498657226562,50,50,2000,2.norm,4,MNIST_ConvNet,exemplar,lrns,0.9678,0.862,0.05,0.05,1,False
25,1.6555698266858128,4.696738130286953,0.05813624078897317,1.5629900385677005,0.16006904446348852,12,26,16.370498657226562,50,50,2000,2.norm,4,MNIST_ConvNet,exemplar,lrns,0.9678,0.862,0.05,0.05,1,False
26,1.219399177908855,4.854421764036575,0.06077836209097064,1.5629900385677005,0.16006904446348852,12,26,16.370498657226562,50,50,2000,2.norm,4,MNIST_ConvNet,exemplar,lrns,0.9678,0.862,0.05,0.05,1,False
27,1.8109036543660266,4.454249171042888,0.047208602966306475,1.5629900385677005,0.16006904446348852,12,26,16.370498657226562,50,50,2000,2.norm,4,MNIST_ConvNet,exemplar,lrns,0.9678,0.862,0.05,0.05,1,False
28,1.5089133464355144,4.5512265925286,0.033945673327474404,1.5629900385677005,0.16006904446348852,12,26,16.370498657226562,50,50,2000,2.norm,4,MNIST_ConvNet,exemplar,lrns,0.9678,0.862,0.05,0.05,1,False
29,1.580934933739141,4.653682676912773,0.03700875573079537,1.5629900385677005,0.16006904446348852,12,26,16.370498657226562,50,50,2000,2.norm,4,MNIST_ConvNet,exemplar,lrns,0.9678,0.862,0.05,0.05,1,False
30,1.4613947596437482,4.968522972080599,0.05593120057118665,1.5629900385677005,0.16006904446348852,12,26,16.370498657226562,50,50,2000,2.norm,4,MNIST_ConvNet,exemplar,lrns,0.9678,0.862,0.05,0.05,1,False
31,1.5741729793294392,5.166305085545256,0.0371803717123529,1.5629900385677005,0.16006904446348852,12,26,16.370498657226562,50,50,2000,2.norm,4,MNIST_ConvNet,exemplar,lrns,0.9678,0.862,0.05,0.05,1,False
32,1.2160930367512384,4.874961004202281,0.08015486285663137,1.5629900385677005,0.16006904446348852,12,26,16.370498657226562,50,50,2000,2.norm,4,MNIST_ConvNet,exemplar,lrns,0.9678,0.862,0.05,0.05,1,False
33,1.586250234823434,4.759323834210438,0.04474312976887471,1.5629900385677005,0.16006904446348852,12,26,16.370498657226562,50,50,2000,2.norm,4,MNIST_ConvNet,exemplar,lrns,0.9678,0.862,0.05,0.05,1,False
34,1.560840542107739,4.607294191936755,0.03430997046527879,1.5629900385677005,0.16006904446348852,12,26,16.370498657226562,50,50,2000,2.norm,4,MNIST_ConvNet,exemplar,lrns,0.9678,0.862,0.05,0.05,1,False
35,1.5850322841674103,5.09941855399947,0.050135382295779164,1.5629900385677005,0.16006904446348852,12,26,16.370498657226562,50,50,2000,2.norm,4,MNIST_ConvNet,exemplar,lrns,0.9678,0.862,0.05,0.05,1,False
36,2.274679544243787,4.717005310748921,0.032182330472158,1.5629900385677005,0.16006904446348852,12,26,16.370498657226562,50,50,2000,2.norm,4,MNIST_ConvNet,exemplar,lrns,0.9678,0.862,0.05,0.05,1,False
37,1.808408615980689,5.330120156231698,0.05689508774457974,1.5629900385677005,0.16006904446348852,12,26,16.370498657226562,50,50,2000,2.norm,4,MNIST_ConvNet,exemplar,lrns,0.9678,0.862,0.05,0.05,1,False
38,1.7080363946329442,4.753348947194773,0.0755119560917699,1.5629900385677005,0.16006904446348852,12,26,16.370498657226562,50,50,2000,2.norm,4,MNIST_ConvNet,exemplar,lrns,0.9678,0.862,0.05,0.05,1,False
39,1.5751318912180607,4.57504778735767,0.052808169684092916,1.5629900385677005,0.16006904446348852,12,26,16.370498657226562,50,50,2000,2.norm,4,MNIST_ConvNet,exemplar,lrns,0.9678,0.862,0.05,0.05,1,False
40,1.245545932648007,4.8993795928465795,0.09463290216846656,1.5629900385677005,0.16006904446348852,12,26,16.370498657226562,50,50,2000,2.norm,4,MNIST_ConvNet,exemplar,lrns,0.9678,0.862,0.05,0.05,1,False
41,1.8838638613605383,4.649609616746325,0.032014276879768905,1.5629900385677005,0.16006904446348852,12,26,16.370498657226562,50,50,2000,2.norm,4,MNIST_ConvNet,exemplar,lrns,0.9678,0.862,0.05,0.05,1,False
42,1.5839363022074442,4.8591043238206595,0.057445714049112445,1.5629900385677005,0.16006904446348852,12,26,16.370498657226562,50,50,2000,2.norm,4,MNIST_ConvNet,exemplar,lrns,0.9678,0.862,0.05,0.05,1,False
43,1.8649908634061754,4.880992427669558,0.042302669165264574,1.5629900385677005,0.16006904446348852,12,26,16.370498657226562,50,50,2000,2.norm,4,MNIST_ConvNet,exemplar,lrns,0.9678,0.862,0.05,0.05,1,False
44,1.853695068744816,4.456902697395679,0.06705736279204269,1.5629900385677005,0.16006904446348852,12,26,16.370498657226562,50,50,2000,2.norm,4,MNIST_ConvNet,exemplar,lrns,0.9678,0.862,0.05,0.05,1,False
45,1.2862909767094886,4.152851473664753,0.06373714660259441,1.5629900385677005,0.16006904446348852,12,26,16.370498657226562,50,50,2000,2.norm,4,MNIST_ConvNet,exemplar,lrns,0.9678,0.862,0.05,0.05,1,False
46,2.2336685226426773,4.871473594376885,0.039397244461953945,1.5629900385677005,0.16006904446348852,12,26,16.370498657226562,50,50,2000,2.norm,4,MNIST_ConvNet,exemplar,lrns,0.9678,0.862,0.05,0.05,1,False
47,1.4293200658094678,5.234794292306209,0.09800298233214867,1.5629900385677005,0.16006904446348852,12,26,16.370498657226562,50,50,2000,2.norm,4,MNIST_ConvNet,exemplar,lrns,0.9678,0.862,0.05,0.05,1,False
48,1.1513793729443127,4.727335981331078,0.04354893546288139,1.5629900385677005,0.16006904446348852,12,26,16.370498657226562,50,50,2000,2.norm,4,MNIST_ConvNet,exemplar,lrns,0.9678,0.862,0.05,0.05,1,False
49,1.7070619086169718,5.0694110708270745,0.04260856960194553,1.5629900385677005,0.16006904446348852,12,26,16.370498657226562,50,50,2000,2.norm,4,MNIST_ConvNet,exemplar,lrns,0.9678,0.862,0.05,0.05,1,False
0,1.7357825264600393,4.9898970081597955,0.077080849940941,1.7558265964471154,0.13978683783083545,11,29,19.26070785522461,50,50,2000,3.relu,4,MNIST_ConvNet,exemplar,lrns,0.9678,0.862,0.05,0.05,1,False
1,1.2294802456048464,4.762556902755925,0.0538789576775417,1.7558265964471154,0.13978683783083545,11,29,19.26070785522461,50,50,2000,3.relu,4,MNIST_ConvNet,exemplar,lrns,0.9678,0.862,0.05,0.05,1,False
2,1.8737283876809068,4.71292580084724,0.04526179368827801,1.7558265964471154,0.13978683783083545,11,29,19.26070785522461,50,50,2000,3.relu,4,MNIST_ConvNet,exemplar,lrns,0.9678,0.862,0.05,0.05,1,False
3,1.572530848452505,4.8024157735097655,0.044655237801570456,1.7558265964471154,0.13978683783083545,11,29,19.26070785522461,50,50,2000,3.relu,4,MNIST_ConvNet,exemplar,lrns,0.9678,0.862,0.05,0.05,1,False
4,1.3586668080639244,4.800607409750514,0.037573518886039554,1.7558265964471154,0.13978683783083545,11,29,19.26070785522461,50,50,2000,3.relu,4,MNIST_ConvNet,exemplar,lrns,0.9678,0.862,0.05,0.05,1,False
5,1.3776748745163716,4.824067218017836,0.03974352501587436,1.7558265964471154,0.13978683783083545,11,29,19.26070785522461,50,50,2000,3.relu,4,MNIST_ConvNet,exemplar,lrns,0.9678,0.862,0.05,0.05,1,False
6,1.6400551365363023,4.46333750352106,0.10574915041997564,1.7558265964471154,0.13978683783083545,11,29,19.26070785522461,50,50,2000,3.relu,4,MNIST_ConvNet,exemplar,lrns,0.9678,0.862,0.05,0.05,1,False
7,2.5004595324191476,4.389369974969125,0.04135507853605869,1.7558265964471154,0.13978683783083545,11,29,19.26070785522461,50,50,2000,3.relu,4,MNIST_ConvNet,exemplar,lrns,0.9678,0.862,0.05,0.05,1,False
8,1.892923396295977,4.805908601977284,0.07309477162035269,1.7558265964471154,0.13978683783083545,11,29,19.26070785522461,50,50,2000,3.relu,4,MNIST_ConvNet,exemplar,lrns,0.9678,0.862,0.05,0.05,1,False
9,1.5242399827826978,4.427134099185977,0.07274476450540385,1.7558265964471154,0.13978683783083545,11,29,19.26070785522461,50,50,2000,3.relu,4,MNIST_ConvNet,exemplar,lrns,0.9678,0.862,0.05,0.05,1,False
10,2.317019468700688,5.079458745343321,0.046774654929999396,1.7558265964471154,0.13978683783083545,11,29,19.26070785522461,50,50,2000,3.relu,4,MNIST_ConvNet,exemplar,lrns,0.9678,0.862,0.05,0.05,1,False
11,1.5392956674233211,4.327755862923028,0.06333209292462809,1.7558265964471154,0.13978683783083545,11,29,19.26070785522461,50,50,2000,3.relu,4,MNIST_ConvNet,exemplar,lrns,0.9678,0.862,0.05,0.05,1,False
12,2.027156376568649,5.040586955377221,0.04852212495506844,1.7558265964471154,0.13978683783083545,11,29,19.26070785522461,50,50,2000,3.relu,4,MNIST_ConvNet,exemplar,lrns,0.9678,0.862,0.05,0.05,1,False
13,1.3537003905340195,4.78023415610506,0.054642631956821903,1.7558265964471154,0.13978683783083545,11,29,19.26070785522461,50,50,2000,3.relu,4,MNIST_ConvNet,exemplar,lrns,0.9678,0.862,0.05,0.05,1,False
14,1.8885311663632969,5.034147152777722,0.04774889943820539,1.7558265964471154,0.13978683783083545,11,29,19.26070785522461,50,50,2000,3.relu,4,MNIST_ConvNet,exemplar,lrns,0.9678,0.862,0.05,0.05,1,False
15,1.5879703014060809,4.564185337580047,0.06519532723699731,1.7558265964471154,0.13978683783083545,11,29,19.26070785522461,50,50,2000,3.relu,4,MNIST_ConvNet,exemplar,lrns,0.9678,0.862,0.05,0.05,1,False
16,2.0231445684500944,4.505528723290303,0.05035547613097344,1.7558265964471154,0.13978683783083545,11,29,19.26070785522461,50,50,2000,3.relu,4,MNIST_ConvNet,exemplar,lrns,0.9678,0.862,0.05,0.05,1,False
17,1.941317625521023,4.663935729604979,0.04763373207407463,1.7558265964471154,0.13978683783083545,11,29,19.26070785522461,50,50,2000,3.relu,4,MNIST_ConvNet,exemplar,lrns,0.9678,0.862,0.05,0.05,1,False
18,1.4571240036445303,4.124852222058284,0.07134149135612859,1.7558265964471154,0.13978683783083545,11,29,19.26070785522461,50,50,2000,3.relu,4,MNIST_ConvNet,exemplar,lrns,0.9678,0.862,0.05,0.05,1,False
19,1.5501984967750444,4.106302520619818,0.06250266654383152,1.7558265964471154,0.13978683783083545,11,29,19.26070785522461,50,50,2000,3.relu,4,MNIST_ConvNet,exemplar,lrns,0.9678,0.862,0.05,0.05,1,False
20,1.8769251213989664,4.605192386484285,0.0623678586659107,1.7558265964471154,0.13978683783083545,11,29,19.26070785522461,50,50,2000,3.relu,4,MNIST_ConvNet,exemplar,lrns,0.9678,0.862,0.05,0.05,1,False
21,1.475445562979775,4.69908807239776,0.07689301626544846,1.7558265964471154,0.13978683783083545,11,29,19.26070785522461,50,50,2000,3.relu,4,MNIST_ConvNet,exemplar,lrns,0.9678,0.862,0.05,0.05,1,False
22,1.7759227952027665,4.646560861145935,0.040058137763136284,1.7558265964471154,0.13978683783083545,11,29,19.26070785522461,50,50,2000,3.relu,4,MNIST_ConvNet,exemplar,lrns,0.9678,0.862,0.05,0.05,1,False
23,2.621269290802379,4.963567336462729,0.03859434912436945,1.7558265964471154,0.13978683783083545,11,29,19.26070785522461,50,50,2000,3.relu,4,MNIST_ConvNet,exemplar,lrns,0.9678,0.862,0.05,0.05,1,False
24,4.363147952729391,4.6511594612357685,0.05558864225522463,1.7558265964471154,0.13978683783083545,11,29,19.26070785522461,50,50,2000,3.relu,4,MNIST_ConvNet,exemplar,lrns,0.9678,0.862,0.05,0.05,1,False
25,1.4985915327711723,4.563670092368818,0.056743130944217283,1.7558265964471154,0.13978683783083545,11,29,19.26070785522461,50,50,2000,3.relu,4,MNIST_ConvNet,exemplar,lrns,0.9678,0.862,0.05,0.05,1,False
26,1.779625679157782,4.585914047857393,0.05615182406557667,1.7558265964471154,0.13978683783083545,11,29,19.26070785522461,50,50,2000,3.relu,4,MNIST_ConvNet,exemplar,lrns,0.9678,0.862,0.05,0.05,1,False
27,2.210110941637765,4.667586058467641,0.0495242147552883,1.7558265964471154,0.13978683783083545,11,29,19.26070785522461,50,50,2000,3.relu,4,MNIST_ConvNet,exemplar,lrns,0.9678,0.862,0.05,0.05,1,False
28,1.8324471743190025,4.225424690866086,0.043204221932467674,1.7558265964471154,0.13978683783083545,11,29,19.26070785522461,50,50,2000,3.relu,4,MNIST_ConvNet,exemplar,lrns,0.9678,0.862,0.05,0.05,1,False
29,1.944429862267914,4.64160116832739,0.03881846222885543,1.7558265964471154,0.13978683783083545,11,29,19.26070785522461,50,50,2000,3.relu,4,MNIST_ConvNet,exemplar,lrns,0.9678,0.862,0.05,0.05,1,False
30,1.7108066613459145,4.416119195936379,0.057496660536911236,1.7558265964471154,0.13978683783083545,11,29,19.26070785522461,50,50,2000,3.relu,4,MNIST_ConvNet,exemplar,lrns,0.9678,0.862,0.05,0.05,1,False
31,1.7539220107709428,4.325140191545149,0.038138299625669746,1.7558265964471154,0.13978683783083545,11,29,19.26070785522461,50,50,2000,3.relu,4,MNIST_ConvNet,exemplar,lrns,0.9678,0.862,0.05,0.05,1,False
32,1.41755698008791,4.91649468274265,0.05162350664475075,1.7558265964471154,0.13978683783083545,11,29,19.26070785522461,50,50,2000,3.relu,4,MNIST_ConvNet,exemplar,lrns,0.9678,0.862,0.05,0.05,1,False
33,1.8512056756767232,4.985267537823656,0.039432875860691476,1.7558265964471154,0.13978683783083545,11,29,19.26070785522461,50,50,2000,3.relu,4,MNIST_ConvNet,exemplar,lrns,0.9678,0.862,0.05,0.05,1,False
34,2.025969792673945,4.621995250279286,0.03716490982812244,1.7558265964471154,0.13978683783083545,11,29,19.26070785522461,50,50,2000,3.relu,4,MNIST_ConvNet,exemplar,lrns,0.9678,0.862,0.05,0.05,1,False
35,1.9500148613928476,4.673842654968066,0.04593003072089554,1.7558265964471154,0.13978683783083545,11,29,19.26070785522461,50,50,2000,3.relu,4,MNIST_ConvNet,exemplar,lrns,0.9678,0.862,0.05,0.05,1,False
36,1.4617299965885553,5.030354906176719,0.03291901939629062,1.7558265964471154,0.13978683783083545,11,29,19.26070785522461,50,50,2000,3.relu,4,MNIST_ConvNet,exemplar,lrns,0.9678,0.862,0.05,0.05,1,False
37,1.383353328253454,4.975747609368188,0.055705412062484125,1.7558265964471154,0.13978683783083545,11,29,19.26070785522461,50,50,2000,3.relu,4,MNIST_ConvNet,exemplar,lrns,0.9678,0.862,0.05,0.05,1,False
38,2.043385844372312,4.023657283326202,0.07640594416253647,1.7558265964471154,0.13978683783083545,11,29,19.26070785522461,50,50,2000,3.relu,4,MNIST_ConvNet,exemplar,lrns,0.9678,0.862,0.05,0.05,1,False
39,1.9167701276763573,4.089162952911693,0.05602654234997983,1.7558265964471154,0.13978683783083545,11,29,19.26070785522461,50,50,2000,3.relu,4,MNIST_ConvNet,exemplar,lrns,0.9678,0.862,0.05,0.05,1,False
40,1.398579886817886,4.277426611152801,0.05477031324144475,1.7558265964471154,0.13978683783083545,11,29,19.26070785522461,50,50,2000,3.relu,4,MNIST_ConvNet,exemplar,lrns,0.9678,0.862,0.05,0.05,1,False
41,2.6397021471055346,4.619834457389636,0.04023620729575569,1.7558265964471154,0.13978683783083545,11,29,19.26070785522461,50,50,2000,3.relu,4,MNIST_ConvNet,exemplar,lrns,0.9678,0.862,0.05,0.05,1,False
42,1.7184462885116234,4.773917139480423,0.06177270917292039,1.7558265964471154,0.13978683783083545,11,29,19.26070785522461,50,50,2000,3.relu,4,MNIST_ConvNet,exemplar,lrns,0.9678,0.862,0.05,0.05,1,False
43,2.1393782718530905,4.928725557870382,0.044643277466543924,1.7558265964471154,0.13978683783083545,11,29,19.26070785522461,50,50,2000,3.relu,4,MNIST_ConvNet,exemplar,lrns,0.9678,0.862,0.05,0.05,1,False
44,1.3672409056889259,4.178977233685732,0.07609843794407276,1.7558265964471154,0.13978683783083545,11,29,19.26070785522461,50,50,2000,3.relu,4,MNIST_ConvNet,exemplar,lrns,0.9678,0.862,0.05,0.05,1,False
45,1.7457852920150405,4.3777936823014185,0.05928174175503098,1.7558265964471154,0.13978683783083545,11,29,19.26070785522461,50,50,2000,3.relu,4,MNIST_ConvNet,exemplar,lrns,0.9678,0.862,0.05,0.05,1,False
46,1.837166369562765,4.4788418401183705,0.042660115602043386,1.7558265964471154,0.13978683783083545,11,29,19.26070785522461,50,50,2000,3.relu,4,MNIST_ConvNet,exemplar,lrns,0.9678,0.862,0.05,0.05,1,False
47,1.6923566082491315,4.572465956007788,0.08348053142070659,1.7558265964471154,0.13978683783083545,11,29,19.26070785522461,50,50,2000,3.relu,4,MNIST_ConvNet,exemplar,lrns,0.9678,0.862,0.05,0.05,1,False
48,2.17738188065571,4.359552964962538,0.04423871626343209,1.7558265964471154,0.13978683783083545,11,29,19.26070785522461,50,50,2000,3.relu,4,MNIST_ConvNet,exemplar,lrns,0.9678,0.862,0.05,0.05,1,False
49,2.194332489627584,4.655219150441875,0.03482162171136821,1.7558265964471154,0.13978683783083545,11,29,19.26070785522461,50,50,2000,3.relu,4,MNIST_ConvNet,exemplar,lrns,0.9678,0.862,0.05,0.05,1,False
0,1.6984504995553797,4.952435803139552,0.06469338368871985,1.614267349941585,0.19853418466996173,14,19,12.163798332214355,50,50,2000,4.conv2,4,MNIST_ConvNet,exemplar,lrns,0.9678,0.862,0.05,0.05,1,False
1,1.436504596483708,4.734321026985198,0.05176589756322054,1.614267349941585,0.19853418466996173,14,19,12.163798332214355,50,50,2000,4.conv2,4,MNIST_ConvNet,exemplar,lrns,0.9678,0.862,0.05,0.05,1,False
2,1.4953560050516919,4.873978113616709,0.03908950210472683,1.614267349941585,0.19853418466996173,14,19,12.163798332214355,50,50,2000,4.conv2,4,MNIST_ConvNet,exemplar,lrns,0.9678,0.862,0.05,0.05,1,False
3,1.2736421522010266,4.86492726887423,0.03505566218215955,1.614267349941585,0.19853418466996173,14,19,12.163798332214355,50,50,2000,4.conv2,4,MNIST_ConvNet,exemplar,lrns,0.9678,0.862,0.05,0.05,1,False
4,1.3435734498457081,4.668386808134447,0.025135417574427592,1.614267349941585,0.19853418466996173,14,19,12.163798332214355,50,50,2000,4.conv2,4,MNIST_ConvNet,exemplar,lrns,0.9678,0.862,0.05,0.05,1,False
5,1.9197458805398553,4.7978458972313485,0.031562106094622885,1.614267349941585,0.19853418466996173,14,19,12.163798332214355,50,50,2000,4.conv2,4,MNIST_ConvNet,exemplar,lrns,0.9678,0.862,0.05,0.05,1,False
6,1.6777886955742451,4.948665067147336,0.1499066613648487,1.614267349941585,0.19853418466996173,14,19,12.163798332214355,50,50,2000,4.conv2,4,MNIST_ConvNet,exemplar,lrns,0.9678,0.862,0.05,0.05,1,False
7,1.4238789799606797,4.727456268525356,0.033979341033532916,1.614267349941585,0.19853418466996173,14,19,12.163798332214355,50,50,2000,4.conv2,4,MNIST_ConvNet,exemplar,lrns,0.9678,0.862,0.05,0.05,1,False
8,1.5199331332526687,5.049293777782797,0.08881241532648558,1.614267349941585,0.19853418466996173,14,19,12.163798332214355,50,50,2000,4.conv2,4,MNIST_ConvNet,exemplar,lrns,0.9678,0.862,0.05,0.05,1,False
9,1.3842173078386577,5.026097018379693,0.18613269784625452,1.614267349941585,0.19853418466996173,14,19,12.163798332214355,50,50,2000,4.conv2,4,MNIST_ConvNet,exemplar,lrns,0.9678,0.862,0.05,0.05,1,False
10,1.8009716541166867,4.732894552920146,0.03248641164696257,1.614267349941585,0.19853418466996173,14,19,12.163798332214355,50,50,2000,4.conv2,4,MNIST_ConvNet,exemplar,lrns,0.9678,0.862,0.05,0.05,1,False
11,1.2818846157582091,4.863611482908718,0.05814078687765669,1.614267349941585,0.19853418466996173,14,19,12.163798332214355,50,50,2000,4.conv2,4,MNIST_ConvNet,exemplar,lrns,0.9678,0.862,0.05,0.05,1,False
12,1.1561423371336461,4.565093057623459,0.06300548605560315,1.614267349941585,0.19853418466996173,14,19,12.163798332214355,50,50,2000,4.conv2,4,MNIST_ConvNet,exemplar,lrns,0.9678,0.862,0.05,0.05,1,False
13,1.1027879557746587,4.957619172383546,0.04071098575741947,1.614267349941585,0.19853418466996173,14,19,12.163798332214355,50,50,2000,4.conv2,4,MNIST_ConvNet,exemplar,lrns,0.9678,0.862,0.05,0.05,1,False
14,1.774647499978225,4.66112685129003,0.036830223400115214,1.614267349941585,0.19853418466996173,14,19,12.163798332214355,50,50,2000,4.conv2,4,MNIST_ConvNet,exemplar,lrns,0.9678,0.862,0.05,0.05,1,False
15,1.755779000198439,4.680083759509301,0.049880244544022956,1.614267349941585,0.19853418466996173,14,19,12.163798332214355,50,50,2000,4.conv2,4,MNIST_ConvNet,exemplar,lrns,0.9678,0.862,0.05,0.05,1,False
16,1.6300091627359763,4.461250938623157,0.04240016232114432,1.614267349941585,0.19853418466996173,14,19,12.163798332214355,50,50,2000,4.conv2,4,MNIST_ConvNet,exemplar,lrns,0.9678,0.862,0.05,0.05,1,False
17,1.3996442245845466,4.895844104090327,0.04844522195918434,1.614267349941585,0.19853418466996173,14,19,12.163798332214355,50,50,2000,4.conv2,4,MNIST_ConvNet,exemplar,lrns,0.9678,0.862,0.05,0.05,1,False
18,1.5655017690063557,3.9449846870594696,0.08168038776924064,1.614267349941585,0.19853418466996173,14,19,12.163798332214355,50,50,2000,4.conv2,4,MNIST_ConvNet,exemplar,lrns,0.9678,0.862,0.05,0.05,1,False
19,1.6432356862704902,4.235358996711308,0.04977410570577497,1.614267349941585,0.19853418466996173,14,19,12.163798332214355,50,50,2000,4.conv2,4,MNIST_ConvNet,exemplar,lrns,0.9678,0.862,0.05,0.05,1,False
20,1.2417759701712017,4.492479739911593,0.044511145032940076,1.614267349941585,0.19853418466996173,14,19,12.163798332214355,50,50,2000,4.conv2,4,MNIST_ConvNet,exemplar,lrns,0.9678,0.862,0.05,0.05,1,False
21,1.8461803180138585,4.877253498561987,0.05312669708254586,1.614267349941585,0.19853418466996173,14,19,12.163798332214355,50,50,2000,4.conv2,4,MNIST_ConvNet,exemplar,lrns,0.9678,0.862,0.05,0.05,1,False
22,1.9645307099264775,5.201045200506762,0.02443808253477548,1.614267349941585,0.19853418466996173,14,19,12.163798332214355,50,50,2000,4.conv2,4,MNIST_ConvNet,exemplar,lrns,0.9678,0.862,0.05,0.05,1,False
23,1.5498054779981518,4.447648360522129,0.047497070617529176,1.614267349941585,0.19853418466996173,14,19,12.163798332214355,50,50,2000,4.conv2,4,MNIST_ConvNet,exemplar,lrns,0.9678,0.862,0.05,0.05,1,False
24,2.6207062333972675,4.837158525046367,0.04104064171389474,1.614267349941585,0.19853418466996173,14,19,12.163798332214355,50,50,2000,4.conv2,4,MNIST_ConvNet,exemplar,lrns,0.9678,0.862,0.05,0.05,1,False
25,1.728295957768112,4.6193861120949,0.04395628660859739,1.614267349941585,0.19853418466996173,14,19,12.163798332214355,50,50,2000,4.conv2,4,MNIST_ConvNet,exemplar,lrns,0.9678,0.862,0.05,0.05,1,False
26,2.0269370158098288,4.88120557313617,0.07642529705859528,1.614267349941585,0.19853418466996173,14,19,12.163798332214355,50,50,2000,4.conv2,4,MNIST_ConvNet,exemplar,lrns,0.9678,0.862,0.05,0.05,1,False
27,1.5748667533818306,4.813312298731329,0.03976447488665876,1.614267349941585,0.19853418466996173,14,19,12.163798332214355,50,50,2000,4.conv2,4,MNIST_ConvNet,exemplar,lrns,0.9678,0.862,0.05,0.05,1,False
28,2.1674137599165233,4.7411632132779,0.02655962053274648,1.614267349941585,0.19853418466996173,14,19,12.163798332214355,50,50,2000,4.conv2,4,MNIST_ConvNet,exemplar,lrns,0.9678,0.862,0.05,0.05,1,False
29,1.8604499859907115,4.767349195084402,0.0327828845047514,1.614267349941585,0.19853418466996173,14,19,12.163798332214355,50,50,2000,4.conv2,4,MNIST_ConvNet,exemplar,lrns,0.9678,0.862,0.05,0.05,1,False
30,2.26577351070617,4.931265583022734,0.048178376731506836,1.614267349941585,0.19853418466996173,14,19,12.163798332214355,50,50,2000,4.conv2,4,MNIST_ConvNet,exemplar,lrns,0.9678,0.862,0.05,0.05,1,False
31,1.8037152291811749,4.762565401712151,0.03145122463767585,1.614267349941585,0.19853418466996173,14,19,12.163798332214355,50,50,2000,4.conv2,4,MNIST_ConvNet,exemplar,lrns,0.9678,0.862,0.05,0.05,1,False
32,1.1775759795428289,4.86299564392021,0.09683793210921093,1.614267349941585,0.19853418466996173,14,19,12.163798332214355,50,50,2000,4.conv2,4,MNIST_ConvNet,exemplar,lrns,0.9678,0.862,0.05,0.05,1,False
33,1.4240054320681552,4.671548022570883,0.03813802063205827,1.614267349941585,0.19853418466996173,14,19,12.163798332214355,50,50,2000,4.conv2,4,MNIST_ConvNet,exemplar,lrns,0.9678,0.862,0.05,0.05,1,False
34,1.4111038783821188,4.944511455171423,0.03869378761959469,1.614267349941585,0.19853418466996173,14,19,12.163798332214355,50,50,2000,4.conv2,4,MNIST_ConvNet,exemplar,lrns,0.9678,0.862,0.05,0.05,1,False
35,1.5541915177436,4.802290064501561,0.04765394976361486,1.614267349941585,0.19853418466996173,14,19,12.163798332214355,50,50,2000,4.conv2,4,MNIST_ConvNet,exemplar,lrns,0.9678,0.862,0.05,0.05,1,False
36,2.639824676038177,4.671774459039768,0.026238699922767745,1.614267349941585,0.19853418466996173,14,19,12.163798332214355,50,50,2000,4.conv2,4,MNIST_ConvNet,exemplar,lrns,0.9678,0.862,0.05,0.05,1,False
37,2.285901411278903,4.482213480470292,0.05512552759604986,1.614267349941585,0.19853418466996173,14,19,12.163798332214355,50,50,2000,4.conv2,4,MNIST_ConvNet,exemplar,lrns,0.9678,0.862,0.05,0.05,1,False
38,1.5801628882195489,4.272119557466987,0.06466199980207307,1.614267349941585,0.19853418466996173,14,19,12.163798332214355,50,50,2000,4.conv2,4,MNIST_ConvNet,exemplar,lrns,0.9678,0.862,0.05,0.05,1,False
39,1.8726559340756037,4.469003449144645,0.045849367212668364,1.614267349941585,0.19853418466996173,14,19,12.163798332214355,50,50,2000,4.conv2,4,MNIST_ConvNet,exemplar,lrns,0.9678,0.862,0.05,0.05,1,False
40,1.7252729142369492,4.810010184504582,0.06702263238362616,1.614267349941585,0.19853418466996173,14,19,12.163798332214355,50,50,2000,4.conv2,4,MNIST_ConvNet,exemplar,lrns,0.9678,0.862,0.05,0.05,1,False
41,1.8483081711037324,4.7966985260749695,0.02381823797764371,1.614267349941585,0.19853418466996173,14,19,12.163798332214355,50,50,2000,4.conv2,4,MNIST_ConvNet,exemplar,lrns,0.9678,0.862,0.05,0.05,1,False
42,1.1871860255133633,4.616189354706477,0.052449272608118255,1.614267349941585,0.19853418466996173,14,19,12.163798332214355,50,50,2000,4.conv2,4,MNIST_ConvNet,exemplar,lrns,0.9678,0.862,0.05,0.05,1,False
43,1.773287881005338,4.971049961902694,0.03488472006324162,1.614267349941585,0.19853418466996173,14,19,12.163798332214355,50,50,2000,4.conv2,4,MNIST_ConvNet,exemplar,lrns,0.9678,0.862,0.05,0.05,1,False
44,2.0465516767448473,4.409465244658866,0.055932308132128544,1.614267349941585,0.19853418466996173,14,19,12.163798332214355,50,50,2000,4.conv2,4,MNIST_ConvNet,exemplar,lrns,0.9678,0.862,0.05,0.05,1,False
45,1.6862439314221342,4.30207166307776,0.05212459774019415,1.614267349941585,0.19853418466996173,14,19,12.163798332214355,50,50,2000,4.conv2,4,MNIST_ConvNet,exemplar,lrns,0.9678,0.862,0.05,0.05,1,False
46,1.4937284862416647,4.744008254884656,0.04082195669080981,1.614267349941585,0.19853418466996173,14,19,12.163798332214355,50,50,2000,4.conv2,4,MNIST_ConvNet,exemplar,lrns,0.9678,0.862,0.05,0.05,1,False
47,1.6293546435968929,4.676189835327966,0.0875992371807616,1.614267349941585,0.19853418466996173,14,19,12.163798332214355,50,50,2000,4.conv2,4,MNIST_ConvNet,exemplar,lrns,0.9678,0.862,0.05,0.05,1,False
48,1.6076322341492106,4.447768354833355,0.05515909350346516,1.614267349941585,0.19853418466996173,14,19,12.163798332214355,50,50,2000,4.conv2,4,MNIST_ConvNet,exemplar,lrns,0.9678,0.862,0.05,0.05,1,False
49,2.037192398663016,4.2557086270567135,0.03232219597662086,1.614267349941585,0.19853418466996173,14,19,12.163798332214355,50,50,2000,4.conv2,4,MNIST_ConvNet,exemplar,lrns,0.9678,0.862,0.05,0.05,1,False
0,1.4934682320337243,5.2433488138730935,0.07496934094034172,1.5616112818716086,0.16006904446348852,12,26,16.370498657226562,50,50,2000,5.norm,4,MNIST_ConvNet,exemplar,lrns,0.9678,0.862,0.05,0.05,1,False
1,1.2388307162187648,4.765392914733166,0.059702419246335375,1.5616112818716086,0.16006904446348852,12,26,16.370498657226562,50,50,2000,5.norm,4,MNIST_ConvNet,exemplar,lrns,0.9678,0.862,0.05,0.05,1,False
2,2.04146237297497,4.380605345276028,0.04132821991445579,1.5616112818716086,0.16006904446348852,12,26,16.370498657226562,50,50,2000,5.norm,4,MNIST_ConvNet,exemplar,lrns,0.9678,0.862,0.05,0.05,1,False
3,1.354194444844346,4.723922396982459,0.04299312573610014,1.5616112818716086,0.16006904446348852,12,26,16.370498657226562,50,50,2000,5.norm,4,MNIST_ConvNet,exemplar,lrns,0.9678,0.862,0.05,0.05,1,False
4,1.8848027386191673,4.482909745541318,0.03544250121184043,1.5616112818716086,0.16006904446348852,12,26,16.370498657226562,50,50,2000,5.norm,4,MNIST_ConvNet,exemplar,lrns,0.9678,0.862,0.05,0.05,1,False
5,1.6705481853137576,4.50388232932041,0.03911374001277659,1.5616112818716086,0.16006904446348852,12,26,16.370498657226562,50,50,2000,5.norm,4,MNIST_ConvNet,exemplar,lrns,0.9678,0.862,0.05,0.05,1,False
6,0.8505163425797836,5.480259340836368,0.23671078221056446,1.5616112818716086,0.16006904446348852,12,26,16.370498657226562,50,50,2000,5.norm,4,MNIST_ConvNet,exemplar,lrns,0.9678,0.862,0.05,0.05,1,False
7,1.286402508106196,4.5681164254844155,0.047203060280544724,1.5616112818716086,0.16006904446348852,12,26,16.370498657226562,50,50,2000,5.norm,4,MNIST_ConvNet,exemplar,lrns,0.9678,0.862,0.05,0.05,1,False
8,1.6544170429863037,4.836934024033072,0.10091148032918776,1.5616112818716086,0.16006904446348852,12,26,16.370498657226562,50,50,2000,5.norm,4,MNIST_ConvNet,exemplar,lrns,0.9678,0.862,0.05,0.05,1,False
9,0.6756155982962243,5.3544619760831,0.29277488197282703,1.5616112818716086,0.16006904446348852,12,26,16.370498657226562,50,50,2000,5.norm,4,MNIST_ConvNet,exemplar,lrns,0.9678,0.862,0.05,0.05,1,False
10,1.9551992418907893,5.043604751281346,0.049327714944889724,1.5616112818716086,0.16006904446348852,12,26,16.370498657226562,50,50,2000,5.norm,4,MNIST_ConvNet,exemplar,lrns,0.9678,0.862,0.05,0.05,1,False
11,1.237247257578349,4.851081500016454,0.06554227262015126,1.5616112818716086,0.16006904446348852,12,26,16.370498657226562,50,50,2000,5.norm,4,MNIST_ConvNet,exemplar,lrns,0.9678,0.862,0.05,0.05,1,False
12,1.8759942673605643,5.101108880946716,0.07821811985534383,1.5616112818716086,0.16006904446348852,12,26,16.370498657226562,50,50,2000,5.norm,4,MNIST_ConvNet,exemplar,lrns,0.9678,0.862,0.05,0.05,1,False
13,1.8532877954554272,4.979670337058365,0.06110836205280858,1.5616112818716086,0.16006904446348852,12,26,16.370498657226562,50,50,2000,5.norm,4,MNIST_ConvNet,exemplar,lrns,0.9678,0.862,0.05,0.05,1,False
14,1.4956454968008994,5.342707682465693,0.051185921415456,1.5616112818716086,0.16006904446348852,12,26,16.370498657226562,50,50,2000,5.norm,4,MNIST_ConvNet,exemplar,lrns,0.9678,0.862,0.05,0.05,1,False
15,2.9824146738299846,4.722228279255325,0.05573339227431368,1.5616112818716086,0.16006904446348852,12,26,16.370498657226562,50,50,2000,5.norm,4,MNIST_ConvNet,exemplar,lrns,0.9678,0.862,0.05,0.05,1,False
16,1.6742851402625658,4.7721511059254045,0.04601755530220204,1.5616112818716086,0.16006904446348852,12,26,16.370498657226562,50,50,2000,5.norm,4,MNIST_ConvNet,exemplar,lrns,0.9678,0.862,0.05,0.05,1,False
17,1.5087229165239262,4.880508198479397,0.0483546748974952,1.5616112818716086,0.16006904446348852,12,26,16.370498657226562,50,50,2000,5.norm,4,MNIST_ConvNet,exemplar,lrns,0.9678,0.862,0.05,0.05,1,False
18,2.139306797950062,4.451487349477586,0.07411838548104398,1.5616112818716086,0.16006904446348852,12,26,16.370498657226562,50,50,2000,5.norm,4,MNIST_ConvNet,exemplar,lrns,0.9678,0.862,0.05,0.05,1,False
19,1.2129194042899762,4.578852320140641,0.06086906168654837,1.5616112818716086,0.16006904446348852,12,26,16.370498657226562,50,50,2000,5.norm,4,MNIST_ConvNet,exemplar,lrns,0.9678,0.862,0.05,0.05,1,False
20,1.0658625875821999,5.031798971205228,0.06075664077014191,1.5616112818716086,0.16006904446348852,12,26,16.370498657226562,50,50,2000,5.norm,4,MNIST_ConvNet,exemplar,lrns,0.9678,0.862,0.05,0.05,1,False
21,1.0856196474371147,5.111406762650642,0.09022904265353092,1.5616112818716086,0.16006904446348852,12,26,16.370498657226562,50,50,2000,5.norm,4,MNIST_ConvNet,exemplar,lrns,0.9678,0.862,0.05,0.05,1,False
22,1.999684153465052,5.018044663757795,0.039350104660438416,1.5616112818716086,0.16006904446348852,12,26,16.370498657226562,50,50,2000,5.norm,4,MNIST_ConvNet,exemplar,lrns,0.9678,0.862,0.05,0.05,1,False
23,1.907964114269806,4.725909788607183,0.035719475977463395,1.5616112818716086,0.16006904446348852,12,26,16.370498657226562,50,50,2000,5.norm,4,MNIST_ConvNet,exemplar,lrns,0.9678,0.862,0.05,0.05,1,False
24,1.5749406863297064,4.856361755889211,0.05681116166780214,1.5616112818716086,0.16006904446348852,12,26,16.370498657226562,50,50,2000,5.norm,4,MNIST_ConvNet,exemplar,lrns,0.9678,0.862,0.05,0.05,1,False
25,1.8963834776685404,4.6403229479803345,0.057636866290735965,1.5616112818716086,0.16006904446348852,12,26,16.370498657226562,50,50,2000,5.norm,4,MNIST_ConvNet,exemplar,lrns,0.9678,0.862,0.05,0.05,1,False
26,1.4958351382988933,4.839572626163577,0.06069475810672345,1.5616112818716086,0.16006904446348852,12,26,16.370498657226562,50,50,2000,5.norm,4,MNIST_ConvNet,exemplar,lrns,0.9678,0.862,0.05,0.05,1,False
27,1.9353987322268194,4.760437458564234,0.046514230043381864,1.5616112818716086,0.16006904446348852,12,26,16.370498657226562,50,50,2000,5.norm,4,MNIST_ConvNet,exemplar,lrns,0.9678,0.862,0.05,0.05,1,False
28,1.888487848119814,4.260139145914718,0.03396780748966294,1.5616112818716086,0.16006904446348852,12,26,16.370498657226562,50,50,2000,5.norm,4,MNIST_ConvNet,exemplar,lrns,0.9678,0.862,0.05,0.05,1,False
29,1.571423736798391,4.717292448106413,0.03635471323900463,1.5616112818716086,0.16006904446348852,12,26,16.370498657226562,50,50,2000,5.norm,4,MNIST_ConvNet,exemplar,lrns,0.9678,0.862,0.05,0.05,1,False
30,1.6379889670975543,4.743526216003696,0.054959408159808355,1.5616112818716086,0.16006904446348852,12,26,16.370498657226562,50,50,2000,5.norm,4,MNIST_ConvNet,exemplar,lrns,0.9678,0.862,0.05,0.05,1,False
31,1.6425144626872914,5.194437029486598,0.03697390433258193,1.5616112818716086,0.16006904446348852,12,26,16.370498657226562,50,50,2000,5.norm,4,MNIST_ConvNet,exemplar,lrns,0.9678,0.862,0.05,0.05,1,False
32,1.1852340426049328,5.192812908299309,0.07940289639239134,1.5616112818716086,0.16006904446348852,12,26,16.370498657226562,50,50,2000,5.norm,4,MNIST_ConvNet,exemplar,lrns,0.9678,0.862,0.05,0.05,1,False
33,2.382068335914274,4.905992727800471,0.0434400863428284,1.5616112818716086,0.16006904446348852,12,26,16.370498657226562,50,50,2000,5.norm,4,MNIST_ConvNet,exemplar,lrns,0.9678,0.862,0.05,0.05,1,False
34,1.7874310295153093,5.038246868251978,0.03413775951281161,1.5616112818716086,0.16006904446348852,12,26,16.370498657226562,50,50,2000,5.norm,4,MNIST_ConvNet,exemplar,lrns,0.9678,0.862,0.05,0.05,1,False
35,1.4806564428563764,4.8941544390999,0.05121397376322718,1.5616112818716086,0.16006904446348852,12,26,16.370498657226562,50,50,2000,5.norm,4,MNIST_ConvNet,exemplar,lrns,0.9678,0.862,0.05,0.05,1,False
36,1.4621943576224372,4.729482734248636,0.03181373365827124,1.5616112818716086,0.16006904446348852,12,26,16.370498657226562,50,50,2000,5.norm,4,MNIST_ConvNet,exemplar,lrns,0.9678,0.862,0.05,0.05,1,False
37,1.6100100035152456,4.805968662257295,0.056772893960071215,1.5616112818716086,0.16006904446348852,12,26,16.370498657226562,50,50,2000,5.norm,4,MNIST_ConvNet,exemplar,lrns,0.9678,0.862,0.05,0.05,1,False
38,1.5601260618862995,4.958937254816872,0.07591403508130261,1.5616112818716086,0.16006904446348852,12,26,16.370498657226562,50,50,2000,5.norm,4,MNIST_ConvNet,exemplar,lrns,0.9678,0.862,0.05,0.05,1,False
39,1.8313100352815184,4.37161308304573,0.05202796310771466,1.5616112818716086,0.16006904446348852,12,26,16.370498657226562,50,50,2000,5.norm,4,MNIST_ConvNet,exemplar,lrns,0.9678,0.862,0.05,0.05,1,False
40,1.810538754469724,4.827701798409864,0.09383730437811032,1.5616112818716086,0.16006904446348852,12,26,16.370498657226562,50,50,2000,5.norm,4,MNIST_ConvNet,exemplar,lrns,0.9678,0.862,0.05,0.05,1,False
41,2.2827136634938174,4.838949604311197,0.030853197168675992,1.5616112818716086,0.16006904446348852,12,26,16.370498657226562,50,50,2000,5.norm,4,MNIST_ConvNet,exemplar,lrns,0.9678,0.862,0.05,0.05,1,False
42,1.5739450849974026,4.706434122637507,0.05751542102495298,1.5616112818716086,0.16006904446348852,12,26,16.370498657226562,50,50,2000,5.norm,4,MNIST_ConvNet,exemplar,lrns,0.9678,0.862,0.05,0.05,1,False
43,1.667931468149041,5.013311029228339,0.042097893038487336,1.5616112818716086,0.16006904446348852,12,26,16.370498657226562,50,50,2000,5.norm,4,MNIST_ConvNet,exemplar,lrns,0.9678,0.862,0.05,0.05,1,False
44,1.5168776968897797,4.647841373438531,0.0649385704931801,1.5616112818716086,0.16006904446348852,12,26,16.370498657226562,50,50,2000,5.norm,4,MNIST_ConvNet,exemplar,lrns,0.9678,0.862,0.05,0.05,1,False
45,1.786116033454601,3.9369532454677705,0.0644491557540409,1.5616112818716086,0.16006904446348852,12,26,16.370498657226562,50,50,2000,5.norm,4,MNIST_ConvNet,exemplar,lrns,0.9678,0.862,0.05,0.05,1,False
46,1.559386170356968,4.659691736351139,0.039604856523384406,1.5616112818716086,0.16006904446348852,12,26,16.370498657226562,50,50,2000,5.norm,4,MNIST_ConvNet,exemplar,lrns,0.9678,0.862,0.05,0.05,1,False
47,1.9880699731280729,4.815324354630636,0.09954203818820416,1.5616112818716086,0.16006904446348852,12,26,16.370498657226562,50,50,2000,5.norm,4,MNIST_ConvNet,exemplar,lrns,0.9678,0.862,0.05,0.05,1,False
48,1.9518965961923072,4.7355744008045235,0.04402865517807049,1.5616112818716086,0.16006904446348852,12,26,16.370498657226562,50,50,2000,5.norm,4,MNIST_ConvNet,exemplar,lrns,0.9678,0.862,0.05,0.05,1,False
49,2.039164415447056,4.522182837257137,0.04276154571071873,1.5616112818716086,0.16006904446348852,12,26,16.370498657226562,50,50,2000,5.norm,4,MNIST_ConvNet,exemplar,lrns,0.9678,0.862,0.05,0.05,1,False
0,1.5786868075789913,4.591452296569108,0.06421572474262038,1.709086694046104,0.13978683783083545,9,29,19.26070785522461,50,50,2000,6.relu,4,MNIST_ConvNet,exemplar,lrns,0.9678,0.862,0.05,0.05,1,False
1,1.237745764931354,4.835612275308681,0.04517711546569381,1.709086694046104,0.13978683783083545,9,29,19.26070785522461,50,50,2000,6.relu,4,MNIST_ConvNet,exemplar,lrns,0.9678,0.862,0.05,0.05,1,False
2,1.7507484927528094,4.437470052123972,0.04020459523862348,1.709086694046104,0.13978683783083545,9,29,19.26070785522461,50,50,2000,6.relu,4,MNIST_ConvNet,exemplar,lrns,0.9678,0.862,0.05,0.05,1,False
3,1.8616448814636795,4.605039541146681,0.046277724396793764,1.709086694046104,0.13978683783083545,9,29,19.26070785522461,50,50,2000,6.relu,4,MNIST_ConvNet,exemplar,lrns,0.9678,0.862,0.05,0.05,1,False
4,1.963904799819004,4.607868528079317,0.04000811114474951,1.709086694046104,0.13978683783083545,9,29,19.26070785522461,50,50,2000,6.relu,4,MNIST_ConvNet,exemplar,lrns,0.9678,0.862,0.05,0.05,1,False
5,1.4778039077167011,4.503976276093815,0.041007088659028204,1.709086694046104,0.13978683783083545,9,29,19.26070785522461,50,50,2000,6.relu,4,MNIST_ConvNet,exemplar,lrns,0.9678,0.862,0.05,0.05,1,False
6,2.0223280456984045,4.991546345430086,0.05396486670799511,1.709086694046104,0.13978683783083545,9,29,19.26070785522461,50,50,2000,6.relu,4,MNIST_ConvNet,exemplar,lrns,0.9678,0.862,0.05,0.05,1,False
7,1.6933471780747358,4.354427234012605,0.03405990254512592,1.709086694046104,0.13978683783083545,9,29,19.26070785522461,50,50,2000,6.relu,4,MNIST_ConvNet,exemplar,lrns,0.9678,0.862,0.05,0.05,1,False
8,1.818066361653014,4.55563876443083,0.03873573228740698,1.709086694046104,0.13978683783083545,9,29,19.26070785522461,50,50,2000,6.relu,4,MNIST_ConvNet,exemplar,lrns,0.9678,0.862,0.05,0.05,1,False
9,1.6717058314416071,4.458593777106212,0.10225007337197171,1.709086694046104,0.13978683783083545,9,29,19.26070785522461,50,50,2000,6.relu,4,MNIST_ConvNet,exemplar,lrns,0.9678,0.862,0.05,0.05,1,False
10,1.4397167148583767,4.718733823638348,0.04193436001265564,1.709086694046104,0.13978683783083545,9,29,19.26070785522461,50,50,2000,6.relu,4,MNIST_ConvNet,exemplar,lrns,0.9678,0.862,0.05,0.05,1,False
11,1.2589218463861005,4.601826200570915,0.058576708943774286,1.709086694046104,0.13978683783083545,9,29,19.26070785522461,50,50,2000,6.relu,4,MNIST_ConvNet,exemplar,lrns,0.9678,0.862,0.05,0.05,1,False
12,2.091651225091866,4.685976331669497,0.0485190007795876,1.709086694046104,0.13978683783083545,9,29,19.26070785522461,50,50,2000,6.relu,4,MNIST_ConvNet,exemplar,lrns,0.9678,0.862,0.05,0.05,1,False
13,2.099096019728546,4.578810935526391,0.05092346965120221,1.709086694046104,0.13978683783083545,9,29,19.26070785522461,50,50,2000,6.relu,4,MNIST_ConvNet,exemplar,lrns,0.9678,0.862,0.05,0.05,1,False
14,3.46751885508777,4.353906488037679,0.044801248823562866,1.709086694046104,0.13978683783083545,9,29,19.26070785522461,50,50,2000,6.relu,4,MNIST_ConvNet,exemplar,lrns,0.9678,0.862,0.05,0.05,1,False
15,1.2971444658358975,4.727814336974092,0.06702463799596556,1.709086694046104,0.13978683783083545,9,29,19.26070785522461,50,50,2000,6.relu,4,MNIST_ConvNet,exemplar,lrns,0.9678,0.862,0.05,0.05,1,False
16,1.6236964379614789,4.927690340218408,0.049069368742830875,1.709086694046104,0.13978683783083545,9,29,19.26070785522461,50,50,2000,6.relu,4,MNIST_ConvNet,exemplar,lrns,0.9678,0.862,0.05,0.05,1,False
17,1.5203625760265391,4.6458960581965085,0.048975083809400084,1.709086694046104,0.13978683783083545,9,29,19.26070785522461,50,50,2000,6.relu,4,MNIST_ConvNet,exemplar,lrns,0.9678,0.862,0.05,0.05,1,False
18,1.468249885503486,4.304496802592457,0.06282447467861298,1.709086694046104,0.13978683783083545,9,29,19.26070785522461,50,50,2000,6.relu,4,MNIST_ConvNet,exemplar,lrns,0.9678,0.862,0.05,0.05,1,False
19,1.5588482009294906,4.494113467464107,0.06023750813719803,1.709086694046104,0.13978683783083545,9,29,19.26070785522461,50,50,2000,6.relu,4,MNIST_ConvNet,exemplar,lrns,0.9678,0.862,0.05,0.05,1,False
20,2.0846051334345193,4.8252692117067,0.06755714925472933,1.709086694046104,0.13978683783083545,9,29,19.26070785522461,50,50,2000,6.relu,4,MNIST_ConvNet,exemplar,lrns,0.9678,0.862,0.05,0.05,1,False
21,1.760453803899212,4.686517865041619,0.059547509503243105,1.709086694046104,0.13978683783083545,9,29,19.26070785522461,50,50,2000,6.relu,4,MNIST_ConvNet,exemplar,lrns,0.9678,0.862,0.05,0.05,1,False
22,1.6350434884721503,4.360741860681651,0.033366576624815826,1.709086694046104,0.13978683783083545,9,29,19.26070785522461,50,50,2000,6.relu,4,MNIST_ConvNet,exemplar,lrns,0.9678,0.862,0.05,0.05,1,False
23,3.0217388064286,4.678175812709423,0.048057110845566235,1.709086694046104,0.13978683783083545,9,29,19.26070785522461,50,50,2000,6.relu,4,MNIST_ConvNet,exemplar,lrns,0.9678,0.862,0.05,0.05,1,False
24,1.6546604915778578,4.3975160733760195,0.05687676881520623,1.709086694046104,0.13978683783083545,9,29,19.26070785522461,50,50,2000,6.relu,4,MNIST_ConvNet,exemplar,lrns,0.9678,0.862,0.05,0.05,1,False
25,1.6101472136127377,4.40811535586062,0.03995233250514195,1.709086694046104,0.13978683783083545,9,29,19.26070785522461,50,50,2000,6.relu,4,MNIST_ConvNet,exemplar,lrns,0.9678,0.862,0.05,0.05,1,False
26,1.4566926603346524,4.859678171646635,0.055408976427946365,1.709086694046104,0.13978683783083545,9,29,19.26070785522461,50,50,2000,6.relu,4,MNIST_ConvNet,exemplar,lrns,0.9678,0.862,0.05,0.05,1,False
27,1.3285745822424433,4.467529383356002,0.05275918170324465,1.709086694046104,0.13978683783083545,9,29,19.26070785522461,50,50,2000,6.relu,4,MNIST_ConvNet,exemplar,lrns,0.9678,0.862,0.05,0.05,1,False
28,2.0409296798701857,4.520751717953344,0.041143252657312335,1.709086694046104,0.13978683783083545,9,29,19.26070785522461,50,50,2000,6.relu,4,MNIST_ConvNet,exemplar,lrns,0.9678,0.862,0.05,0.05,1,False
29,1.769514537890546,4.707042378533577,0.04002799946501558,1.709086694046104,0.13978683783083545,9,29,19.26070785522461,50,50,2000,6.relu,4,MNIST_ConvNet,exemplar,lrns,0.9678,0.862,0.05,0.05,1,False
30,1.8245958228331538,4.464397865671312,0.050003512808507726,1.709086694046104,0.13978683783083545,9,29,19.26070785522461,50,50,2000,6.relu,4,MNIST_ConvNet,exemplar,lrns,0.9678,0.862,0.05,0.05,1,False
31,2.370904931912118,4.709758128242902,0.038975914405147215,1.709086694046104,0.13978683783083545,9,29,19.26070785522461,50,50,2000,6.relu,4,MNIST_ConvNet,exemplar,lrns,0.9678,0.862,0.05,0.05,1,False
32,1.7809255598704354,4.584546265316573,0.046977052191915725,1.709086694046104,0.13978683783083545,9,29,19.26070785522461,50,50,2000,6.relu,4,MNIST_ConvNet,exemplar,lrns,0.9678,0.862,0.05,0.05,1,False
33,1.6543175528511878,4.570487266783462,0.04717832008194974,1.709086694046104,0.13978683783083545,9,29,19.26070785522461,50,50,2000,6.relu,4,MNIST_ConvNet,exemplar,lrns,0.9678,0.862,0.05,0.05,1,False
34,2.074761978344567,4.479269721821942,0.0357642019615946,1.709086694046104,0.13978683783083545,9,29,19.26070785522461,50,50,2000,6.relu,4,MNIST_ConvNet,exemplar,lrns,0.9678,0.862,0.05,0.05,1,False
35,2.482631786085983,4.826518663754823,0.04359740931457665,1.709086694046104,0.13978683783083545,9,29,19.26070785522461,50,50,2000,6.relu,4,MNIST_ConvNet,exemplar,lrns,0.9678,0.862,0.05,0.05,1,False
36,1.8353463406608126,4.627307345926248,0.034189357013208195,1.709086694046104,0.13978683783083545,9,29,19.26070785522461,50,50,2000,6.relu,4,MNIST_ConvNet,exemplar,lrns,0.9678,0.862,0.05,0.05,1,False
37,1.752053901860639,4.70714752117917,0.04828206619160701,1.709086694046104,0.13978683783083545,9,29,19.26070785522461,50,50,2000,6.relu,4,MNIST_ConvNet,exemplar,lrns,0.9678,0.862,0.05,0.05,1,False
38,2.6616264913468615,4.281823429773829,0.06744919417159694,1.709086694046104,0.13978683783083545,9,29,19.26070785522461,50,50,2000,6.relu,4,MNIST_ConvNet,exemplar,lrns,0.9678,0.862,0.05,0.05,1,False
39,1.2445080776258313,4.084064651480358,0.05915617176151402,1.709086694046104,0.13978683783083545,9,29,19.26070785522461,50,50,2000,6.relu,4,MNIST_ConvNet,exemplar,lrns,0.9678,0.862,0.05,0.05,1,False
40,1.45314080636589,4.434204905242954,0.05338931798014431,1.709086694046104,0.13978683783083545,9,29,19.26070785522461,50,50,2000,6.relu,4,MNIST_ConvNet,exemplar,lrns,0.9678,0.862,0.05,0.05,1,False
41,1.9750344544394265,4.592134353834059,0.04431547779692052,1.709086694046104,0.13978683783083545,9,29,19.26070785522461,50,50,2000,6.relu,4,MNIST_ConvNet,exemplar,lrns,0.9678,0.862,0.05,0.05,1,False
42,2.5176873401232855,4.72617029275366,0.055582501952928846,1.709086694046104,0.13978683783083545,9,29,19.26070785522461,50,50,2000,6.relu,4,MNIST_ConvNet,exemplar,lrns,0.9678,0.862,0.05,0.05,1,False
43,1.353097518739529,4.949163604949797,0.04046346667242852,1.709086694046104,0.13978683783083545,9,29,19.26070785522461,50,50,2000,6.relu,4,MNIST_ConvNet,exemplar,lrns,0.9678,0.862,0.05,0.05,1,False
44,1.544457099101222,4.225710814406272,0.07537389358931902,1.709086694046104,0.13978683783083545,9,29,19.26070785522461,50,50,2000,6.relu,4,MNIST_ConvNet,exemplar,lrns,0.9678,0.862,0.05,0.05,1,False
45,1.7043538201846253,4.374600340134197,0.06023757653112765,1.709086694046104,0.13978683783083545,9,29,19.26070785522461,50,50,2000,6.relu,4,MNIST_ConvNet,exemplar,lrns,0.9678,0.862,0.05,0.05,1,False
46,2.1211501777791613,4.683774695234217,0.04025401271665686,1.709086694046104,0.13978683783083545,9,29,19.26070785522461,50,50,2000,6.relu,4,MNIST_ConvNet,exemplar,lrns,0.9678,0.862,0.05,0.05,1,False
47,1.2961093953330374,4.907036057597774,0.10120841347808042,1.709086694046104,0.13978683783083545,9,29,19.26070785522461,50,50,2000,6.relu,4,MNIST_ConvNet,exemplar,lrns,0.9678,0.862,0.05,0.05,1,False
48,1.284260888120354,4.58502261668255,0.04313941795122162,1.709086694046104,0.13978683783083545,9,29,19.26070785522461,50,50,2000,6.relu,4,MNIST_ConvNet,exemplar,lrns,0.9678,0.862,0.05,0.05,1,False
49,1.7371695312951014,4.8178658312127265,0.0377179249314463,1.709086694046104,0.13978683783083545,9,29,19.26070785522461,50,50,2000,6.relu,4,MNIST_ConvNet,exemplar,lrns,0.9678,0.862,0.05,0.05,1,False
0,1.7377366866282928,2.5150286348806903,0.02000953264442239,1.8416485209447164,0.35814166633450256,3,4,4.147191524505615,50,50,10,7.linear,4,MNIST_ConvNet,exemplar,lrns,0.9678,0.862,0.05,0.05,1,False
1,1.667333865147697,2.6608092664088345,0.02922940738386736,1.8416485209447164,0.35814166633450256,3,4,4.147191524505615,50,50,10,7.linear,4,MNIST_ConvNet,exemplar,lrns,0.9678,0.862,0.05,0.05,1,False
2,2.3951551735075487,2.773996233367588,0.02165388655199946,1.8416485209447164,0.35814166633450256,3,4,4.147191524505615,50,50,10,7.linear,4,MNIST_ConvNet,exemplar,lrns,0.9678,0.862,0.05,0.05,1,False
3,1.2884646077752882,2.325605684090803,0.04599901943344149,1.8416485209447164,0.35814166633450256,3,4,4.147191524505615,50,50,10,7.linear,4,MNIST_ConvNet,exemplar,lrns,0.9678,0.862,0.05,0.05,1,False
4,1.7800134164404566,3.017902517502656,0.013565133631837664,1.8416485209447164,0.35814166633450256,3,4,4.147191524505615,50,50,10,7.linear,4,MNIST_ConvNet,exemplar,lrns,0.9678,0.862,0.05,0.05,1,False
5,1.825624699891104,2.8260944244797965,0.020237157687698935,1.8416485209447164,0.35814166633450256,3,4,4.147191524505615,50,50,10,7.linear,4,MNIST_ConvNet,exemplar,lrns,0.9678,0.862,0.05,0.05,1,False
6,1.8169757394056307,2.9450772831478256,0.03484728432559956,1.8416485209447164,0.35814166633450256,3,4,4.147191524505615,50,50,10,7.linear,4,MNIST_ConvNet,exemplar,lrns,0.9678,0.862,0.05,0.05,1,False
7,2.1087362479897958,3.020592871625951,0.016105327833949277,1.8416485209447164,0.35814166633450256,3,4,4.147191524505615,50,50,10,7.linear,4,MNIST_ConvNet,exemplar,lrns,0.9678,0.862,0.05,0.05,1,False
8,2.180144485091325,3.1150505664429513,0.019777280391182605,1.8416485209447164,0.35814166633450256,3,4,4.147191524505615,50,50,10,7.linear,4,MNIST_ConvNet,exemplar,lrns,0.9678,0.862,0.05,0.05,1,False
9,1.9452516667602422,2.448671099001269,0.032194577080582945,1.8416485209447164,0.35814166633450256,3,4,4.147191524505615,50,50,10,7.linear,4,MNIST_ConvNet,exemplar,lrns,0.9678,0.862,0.05,0.05,1,False
10,1.5635424367255608,3.099127481680288,0.01923150841077192,1.8416485209447164,0.35814166633450256,3,4,4.147191524505615,50,50,10,7.linear,4,MNIST_ConvNet,exemplar,lrns,0.9678,0.862,0.05,0.05,1,False
11,3.065432199422424,2.8357589251458766,0.032478012530636334,1.8416485209447164,0.35814166633450256,3,4,4.147191524505615,50,50,10,7.linear,4,MNIST_ConvNet,exemplar,lrns,0.9678,0.862,0.05,0.05,1,False
12,2.358160537868394,3.0135491067571323,0.013716228709573413,1.8416485209447164,0.35814166633450256,3,4,4.147191524505615,50,50,10,7.linear,4,MNIST_ConvNet,exemplar,lrns,0.9678,0.862,0.05,0.05,1,False
13,2.2535374049672887,2.5301677030745875,0.02611507937136068,1.8416485209447164,0.35814166633450256,3,4,4.147191524505615,50,50,10,7.linear,4,MNIST_ConvNet,exemplar,lrns,0.9678,0.862,0.05,0.05,1,False
14,1.8530710956326095,2.5711968572799937,0.025897925960066497,1.8416485209447164,0.35814166633450256,3,4,4.147191524505615,50,50,10,7.linear,4,MNIST_ConvNet,exemplar,lrns,0.9678,0.862,0.05,0.05,1,False
15,1.849047588140321,3.13676919637736,0.043332451217344886,1.8416485209447164,0.35814166633450256,3,4,4.147191524505615,50,50,10,7.linear,4,MNIST_ConvNet,exemplar,lrns,0.9678,0.862,0.05,0.05,1,False
16,1.2596440853112771,2.8768749315353253,0.017854098724001715,1.8416485209447164,0.35814166633450256,3,4,4.147191524505615,50,50,10,7.linear,4,MNIST_ConvNet,exemplar,lrns,0.9678,0.862,0.05,0.05,1,False
17,1.980568942101926,2.7699043419595104,0.027463687865344064,1.8416485209447164,0.35814166633450256,3,4,4.147191524505615,50,50,10,7.linear,4,MNIST_ConvNet,exemplar,lrns,0.9678,0.862,0.05,0.05,1,False
18,1.3202736595132134,3.355310845169991,0.03293119590853182,1.8416485209447164,0.35814166633450256,3,4,4.147191524505615,50,50,10,7.linear,4,MNIST_ConvNet,exemplar,lrns,0.9678,0.862,0.05,0.05,1,False
19,1.8307811506461993,2.8298254054652023,0.02291753219519387,1.8416485209447164,0.35814166633450256,3,4,4.147191524505615,50,50,10,7.linear,4,MNIST_ConvNet,exemplar,lrns,0.9678,0.862,0.05,0.05,1,False
20,1.928507226945036,2.7833290798632113,0.038507116052985305,1.8416485209447164,0.35814166633450256,3,4,4.147191524505615,50,50,10,7.linear,4,MNIST_ConvNet,exemplar,lrns,0.9678,0.862,0.05,0.05,1,False
21,2.326307730502305,2.813001263580918,0.03251891311771497,1.8416485209447164,0.35814166633450256,3,4,4.147191524505615,50,50,10,7.linear,4,MNIST_ConvNet,exemplar,lrns,0.9678,0.862,0.05,0.05,1,False
22,1.8422522907515688,2.995838538643727,0.02921227637103167,1.8416485209447164,0.35814166633450256,3,4,4.147191524505615,50,50,10,7.linear,4,MNIST_ConvNet,exemplar,lrns,0.9678,0.862,0.05,0.05,1,False
23,1.7123738899785002,2.7365185549490914,0.020625392996005507,1.8416485209447164,0.35814166633450256,3,4,4.147191524505615,50,50,10,7.linear,4,MNIST_ConvNet,exemplar,lrns,0.9678,0.862,0.05,0.05,1,False
24,2.101796310381927,2.961424187556691,0.03212043714857004,1.8416485209447164,0.35814166633450256,3,4,4.147191524505615,50,50,10,7.linear,4,MNIST_ConvNet,exemplar,lrns,0.9678,0.862,0.05,0.05,1,False
25,2.4258241385304267,2.9406567598442046,0.025518697304573477,1.8416485209447164,0.35814166633450256,3,4,4.147191524505615,50,50,10,7.linear,4,MNIST_ConvNet,exemplar,lrns,0.9678,0.862,0.05,0.05,1,False
26,1.829744846609099,3.218581645730035,0.04106373959990961,1.8416485209447164,0.35814166633450256,3,4,4.147191524505615,50,50,10,7.linear,4,MNIST_ConvNet,exemplar,lrns,0.9678,0.862,0.05,0.05,1,False
27,1.5299209128797675,2.577853320410184,0.027316468398595112,1.8416485209447164,0.35814166633450256,3,4,4.147191524505615,50,50,10,7.linear,4,MNIST_ConvNet,exemplar,lrns,0.9678,0.862,0.05,0.05,1,False
28,1.3672701085865953,2.4836008613361176,0.031207366786658097,1.8416485209447164,0.35814166633450256,3,4,4.147191524505615,50,50,10,7.linear,4,MNIST_ConvNet,exemplar,lrns,0.9678,0.862,0.05,0.05,1,False
29,2.4924834724939147,2.634682221361229,0.02194408823335372,1.8416485209447164,0.35814166633450256,3,4,4.147191524505615,50,50,10,7.linear,4,MNIST_ConvNet,exemplar,lrns,0.9678,0.862,0.05,0.05,1,False
30,2.62680193761557,2.875791855167244,0.021251706848735404,1.8416485209447164,0.35814166633450256,3,4,4.147191524505615,50,50,10,7.linear,4,MNIST_ConvNet,exemplar,lrns,0.9678,0.862,0.05,0.05,1,False
31,1.5505561217481503,2.4439620886850757,0.024559804628149388,1.8416485209447164,0.35814166633450256,3,4,4.147191524505615,50,50,10,7.linear,4,MNIST_ConvNet,exemplar,lrns,0.9678,0.862,0.05,0.05,1,False
32,2.1748991899256698,3.137539037746022,0.031228412385822177,1.8416485209447164,0.35814166633450256,3,4,4.147191524505615,50,50,10,7.linear,4,MNIST_ConvNet,exemplar,lrns,0.9678,0.862,0.05,0.05,1,False
33,1.98617492616583,2.7045376777372625,0.037765073655122675,1.8416485209447164,0.35814166633450256,3,4,4.147191524505615,50,50,10,7.linear,4,MNIST_ConvNet,exemplar,lrns,0.9678,0.862,0.05,0.05,1,False
34,2.324423156229782,2.8513021755006336,0.01601754594425312,1.8416485209447164,0.35814166633450256,3,4,4.147191524505615,50,50,10,7.linear,4,MNIST_ConvNet,exemplar,lrns,0.9678,0.862,0.05,0.05,1,False
35,1.4859052711402705,2.809715242510913,0.040839619690989065,1.8416485209447164,0.35814166633450256,3,4,4.147191524505615,50,50,10,7.linear,4,MNIST_ConvNet,exemplar,lrns,0.9678,0.862,0.05,0.05,1,False
36,2.0734006866426635,2.2594509370208344,0.028638563865590206,1.8416485209447164,0.35814166633450256,3,4,4.147191524505615,50,50,10,7.linear,4,MNIST_ConvNet,exemplar,lrns,0.9678,0.862,0.05,0.05,1,False
37,1.7429552456793758,2.811685605164983,0.041574422199999496,1.8416485209447164,0.35814166633450256,3,4,4.147191524505615,50,50,10,7.linear,4,MNIST_ConvNet,exemplar,lrns,0.9678,0.862,0.05,0.05,1,False
38,1.4140468542927531,2.3727327809431196,0.02066394406310907,1.8416485209447164,0.35814166633450256,3,4,4.147191524505615,50,50,10,7.linear,4,MNIST_ConvNet,exemplar,lrns,0.9678,0.862,0.05,0.05,1,False
39,1.2477548365759716,2.55236954317635,0.033571781981682626,1.8416485209447164,0.35814166633450256,3,4,4.147191524505615,50,50,10,7.linear,4,MNIST_ConvNet,exemplar,lrns,0.9678,0.862,0.05,0.05,1,False
40,1.7911755771561497,2.8781359588189677,0.030633265098350865,1.8416485209447164,0.35814166633450256,3,4,4.147191524505615,50,50,10,7.linear,4,MNIST_ConvNet,exemplar,lrns,0.9678,0.862,0.05,0.05,1,False
41,2.164690120940013,2.547519076516909,0.02118372610815358,1.8416485209447164,0.35814166633450256,3,4,4.147191524505615,50,50,10,7.linear,4,MNIST_ConvNet,exemplar,lrns,0.9678,0.862,0.05,0.05,1,False
42,1.731055948381613,3.1818947237153363,0.025734656112254718,1.8416485209447164,0.35814166633450256,3,4,4.147191524505615,50,50,10,7.linear,4,MNIST_ConvNet,exemplar,lrns,0.9678,0.862,0.05,0.05,1,False
43,2.472843394190141,2.7996944502742864,0.026860381175728053,1.8416485209447164,0.35814166633450256,3,4,4.147191524505615,50,50,10,7.linear,4,MNIST_ConvNet,exemplar,lrns,0.9678,0.862,0.05,0.05,1,False
44,1.7962415020511036,3.02686813681798,0.030485537283409882,1.8416485209447164,0.35814166633450256,3,4,4.147191524505615,50,50,10,7.linear,4,MNIST_ConvNet,exemplar,lrns,0.9678,0.862,0.05,0.05,1,False
45,1.8295600515923922,2.388444319296583,0.035153218377244416,1.8416485209447164,0.35814166633450256,3,4,4.147191524505615,50,50,10,7.linear,4,MNIST_ConvNet,exemplar,lrns,0.9678,0.862,0.05,0.05,1,False
46,2.071318379874585,2.834316034852684,0.019270617205113378,1.8416485209447164,0.35814166633450256,3,4,4.147191524505615,50,50,10,7.linear,4,MNIST_ConvNet,exemplar,lrns,0.9678,0.862,0.05,0.05,1,False
47,1.6575368139092301,3.02774555460668,0.029810763560363315,1.8416485209447164,0.35814166633450256,3,4,4.147191524505615,50,50,10,7.linear,4,MNIST_ConvNet,exemplar,lrns,0.9678,0.862,0.05,0.05,1,False
48,1.6938366434933576,2.649003974234951,0.02511233602750034,1.8416485209447164,0.35814166633450256,3,4,4.147191524505615,50,50,10,7.linear,4,MNIST_ConvNet,exemplar,lrns,0.9678,0.862,0.05,0.05,1,False
49,2.366520177375318,3.002390688508157,0.038755735267521796,1.8416485209447164,0.35814166633450256,3,4,4.147191524505615,50,50,10,7.linear,4,MNIST_ConvNet,exemplar,lrns,0.9678,0.862,0.05,0.05,1,False
