,cap,dim,rad,mean_cap,center_corr,K,EVD90,PR,P,M,N,layer,seed,model,manifold_type,norm_method,clean_accuracy,adv_accuracy,eps,eps_step,max_iter,random
0,3.8573470250351627,4.95951668969359,0.005437366169070466,2.0532904205884384,0.164146728515625,12,25,14.809793472290039,50,50,784,0.pixels,5,MNIST_ConvNet,exemplar,lrns,0.9678,0.94,0.004,0.004,1,False
1,2.028094147326532,4.844920151131922,0.0035603041338834692,2.0532904205884384,0.164146728515625,12,25,14.809793472290039,50,50,784,0.pixels,5,MNIST_ConvNet,exemplar,lrns,0.9678,0.94,0.004,0.004,1,False
2,2.7530338743929033,4.778202155574436,0.004899493513223855,2.0532904205884384,0.164146728515625,12,25,14.809793472290039,50,50,784,0.pixels,5,MNIST_ConvNet,exemplar,lrns,0.9678,0.94,0.004,0.004,1,False
3,1.937567994645103,4.639153970802828,0.00501898429323605,2.0532904205884384,0.164146728515625,12,25,14.809793472290039,50,50,784,0.pixels,5,MNIST_ConvNet,exemplar,lrns,0.9678,0.94,0.004,0.004,1,False
4,1.5063779493938967,5.442509830566108,0.0058819351084794585,2.0532904205884384,0.164146728515625,12,25,14.809793472290039,50,50,784,0.pixels,5,MNIST_ConvNet,exemplar,lrns,0.9678,0.94,0.004,0.004,1,False
5,1.4877557384792248,4.66734133004256,0.003915921926284792,2.0532904205884384,0.164146728515625,12,25,14.809793472290039,50,50,784,0.pixels,5,MNIST_ConvNet,exemplar,lrns,0.9678,0.94,0.004,0.004,1,False
6,1.6532415300611338,4.837138173114796,0.0043986073835320764,2.0532904205884384,0.164146728515625,12,25,14.809793472290039,50,50,784,0.pixels,5,MNIST_ConvNet,exemplar,lrns,0.9678,0.94,0.004,0.004,1,False
7,1.8176121505218792,4.977210954921017,0.004805028777265026,2.0532904205884384,0.164146728515625,12,25,14.809793472290039,50,50,784,0.pixels,5,MNIST_ConvNet,exemplar,lrns,0.9678,0.94,0.004,0.004,1,False
8,2.2431189837306427,5.227084854523513,0.004305942803585417,2.0532904205884384,0.164146728515625,12,25,14.809793472290039,50,50,784,0.pixels,5,MNIST_ConvNet,exemplar,lrns,0.9678,0.94,0.004,0.004,1,False
9,1.595123740148348,4.999162371868883,0.004107370917975329,2.0532904205884384,0.164146728515625,12,25,14.809793472290039,50,50,784,0.pixels,5,MNIST_ConvNet,exemplar,lrns,0.9678,0.94,0.004,0.004,1,False
10,2.668861217548442,4.775616781114821,0.021147366232447982,2.0532904205884384,0.164146728515625,12,25,14.809793472290039,50,50,784,0.pixels,5,MNIST_ConvNet,exemplar,lrns,0.9678,0.94,0.004,0.004,1,False
11,2.165399222103183,5.078611230857807,0.0045393982611397765,2.0532904205884384,0.164146728515625,12,25,14.809793472290039,50,50,784,0.pixels,5,MNIST_ConvNet,exemplar,lrns,0.9678,0.94,0.004,0.004,1,False
12,2.575276846897842,5.231636150945464,0.004803772081754784,2.0532904205884384,0.164146728515625,12,25,14.809793472290039,50,50,784,0.pixels,5,MNIST_ConvNet,exemplar,lrns,0.9678,0.94,0.004,0.004,1,False
13,2.3303603657655705,4.921456330515398,0.004686692913273606,2.0532904205884384,0.164146728515625,12,25,14.809793472290039,50,50,784,0.pixels,5,MNIST_ConvNet,exemplar,lrns,0.9678,0.94,0.004,0.004,1,False
14,3.8248513374964146,4.7969840267952435,0.0037817803126583213,2.0532904205884384,0.164146728515625,12,25,14.809793472290039,50,50,784,0.pixels,5,MNIST_ConvNet,exemplar,lrns,0.9678,0.94,0.004,0.004,1,False
15,1.3480843267521354,4.945347433047394,0.007228906413572093,2.0532904205884384,0.164146728515625,12,25,14.809793472290039,50,50,784,0.pixels,5,MNIST_ConvNet,exemplar,lrns,0.9678,0.94,0.004,0.004,1,False
16,1.4641056057301443,4.984769022025072,0.00503375711147548,2.0532904205884384,0.164146728515625,12,25,14.809793472290039,50,50,784,0.pixels,5,MNIST_ConvNet,exemplar,lrns,0.9678,0.94,0.004,0.004,1,False
17,2.4245967304997524,4.999716075923888,0.010592417037485936,2.0532904205884384,0.164146728515625,12,25,14.809793472290039,50,50,784,0.pixels,5,MNIST_ConvNet,exemplar,lrns,0.9678,0.94,0.004,0.004,1,False
18,2.0926744175130017,4.705935068764278,0.0035144425490256856,2.0532904205884384,0.164146728515625,12,25,14.809793472290039,50,50,784,0.pixels,5,MNIST_ConvNet,exemplar,lrns,0.9678,0.94,0.004,0.004,1,False
19,1.8138543882556868,4.8423725290617305,0.00588356869737527,2.0532904205884384,0.164146728515625,12,25,14.809793472290039,50,50,784,0.pixels,5,MNIST_ConvNet,exemplar,lrns,0.9678,0.94,0.004,0.004,1,False
20,2.115672527864701,4.889294264325628,0.003177376471483067,2.0532904205884384,0.164146728515625,12,25,14.809793472290039,50,50,784,0.pixels,5,MNIST_ConvNet,exemplar,lrns,0.9678,0.94,0.004,0.004,1,False
21,2.5061481488984114,4.977622053975333,0.00854078612796413,2.0532904205884384,0.164146728515625,12,25,14.809793472290039,50,50,784,0.pixels,5,MNIST_ConvNet,exemplar,lrns,0.9678,0.94,0.004,0.004,1,False
22,1.4825454120969157,5.099176408882715,0.004036583985891755,2.0532904205884384,0.164146728515625,12,25,14.809793472290039,50,50,784,0.pixels,5,MNIST_ConvNet,exemplar,lrns,0.9678,0.94,0.004,0.004,1,False
23,2.5806705332754216,5.286381758618826,0.015345363918492677,2.0532904205884384,0.164146728515625,12,25,14.809793472290039,50,50,784,0.pixels,5,MNIST_ConvNet,exemplar,lrns,0.9678,0.94,0.004,0.004,1,False
24,1.9945759977528705,4.570615412480454,0.004227264171762719,2.0532904205884384,0.164146728515625,12,25,14.809793472290039,50,50,784,0.pixels,5,MNIST_ConvNet,exemplar,lrns,0.9678,0.94,0.004,0.004,1,False
25,1.7490591940461844,5.075975868542503,0.007546273143072307,2.0532904205884384,0.164146728515625,12,25,14.809793472290039,50,50,784,0.pixels,5,MNIST_ConvNet,exemplar,lrns,0.9678,0.94,0.004,0.004,1,False
26,2.174208339240081,4.525453542896127,0.005421470255930356,2.0532904205884384,0.164146728515625,12,25,14.809793472290039,50,50,784,0.pixels,5,MNIST_ConvNet,exemplar,lrns,0.9678,0.94,0.004,0.004,1,False
27,1.6193965832347295,5.04775871389472,0.006303801138536588,2.0532904205884384,0.164146728515625,12,25,14.809793472290039,50,50,784,0.pixels,5,MNIST_ConvNet,exemplar,lrns,0.9678,0.94,0.004,0.004,1,False
28,1.9603638449469187,4.945510259220577,0.00515219847623087,2.0532904205884384,0.164146728515625,12,25,14.809793472290039,50,50,784,0.pixels,5,MNIST_ConvNet,exemplar,lrns,0.9678,0.94,0.004,0.004,1,False
29,2.4002567428726294,4.766043430369617,0.004114341626514481,2.0532904205884384,0.164146728515625,12,25,14.809793472290039,50,50,784,0.pixels,5,MNIST_ConvNet,exemplar,lrns,0.9678,0.94,0.004,0.004,1,False
30,4.519228225622257,5.0498507570734565,0.004516224997338655,2.0532904205884384,0.164146728515625,12,25,14.809793472290039,50,50,784,0.pixels,5,MNIST_ConvNet,exemplar,lrns,0.9678,0.94,0.004,0.004,1,False
31,1.887880033396905,4.954648658377536,0.004459083367885385,2.0532904205884384,0.164146728515625,12,25,14.809793472290039,50,50,784,0.pixels,5,MNIST_ConvNet,exemplar,lrns,0.9678,0.94,0.004,0.004,1,False
32,1.409571364040214,5.192589191835804,0.003225904338456167,2.0532904205884384,0.164146728515625,12,25,14.809793472290039,50,50,784,0.pixels,5,MNIST_ConvNet,exemplar,lrns,0.9678,0.94,0.004,0.004,1,False
33,1.617872403977094,4.599072121478095,0.004921536256301551,2.0532904205884384,0.164146728515625,12,25,14.809793472290039,50,50,784,0.pixels,5,MNIST_ConvNet,exemplar,lrns,0.9678,0.94,0.004,0.004,1,False
34,1.6539048506009741,4.925150282515099,0.003520140497445122,2.0532904205884384,0.164146728515625,12,25,14.809793472290039,50,50,784,0.pixels,5,MNIST_ConvNet,exemplar,lrns,0.9678,0.94,0.004,0.004,1,False
35,1.9812313749203176,4.669092399770274,0.005342847921262454,2.0532904205884384,0.164146728515625,12,25,14.809793472290039,50,50,784,0.pixels,5,MNIST_ConvNet,exemplar,lrns,0.9678,0.94,0.004,0.004,1,False
36,3.167019906743122,5.0481616933681,0.0036946799654127946,2.0532904205884384,0.164146728515625,12,25,14.809793472290039,50,50,784,0.pixels,5,MNIST_ConvNet,exemplar,lrns,0.9678,0.94,0.004,0.004,1,False
37,2.4067610509858035,4.953734273918204,0.0036251539043963567,2.0532904205884384,0.164146728515625,12,25,14.809793472290039,50,50,784,0.pixels,5,MNIST_ConvNet,exemplar,lrns,0.9678,0.94,0.004,0.004,1,False
38,1.8575559333046694,5.0200249358905396,0.004754889512903704,2.0532904205884384,0.164146728515625,12,25,14.809793472290039,50,50,784,0.pixels,5,MNIST_ConvNet,exemplar,lrns,0.9678,0.94,0.004,0.004,1,False
39,1.7648482220386248,4.52919230066063,0.005202886906349328,2.0532904205884384,0.164146728515625,12,25,14.809793472290039,50,50,784,0.pixels,5,MNIST_ConvNet,exemplar,lrns,0.9678,0.94,0.004,0.004,1,False
40,2.1699621864046765,4.7252620477838745,0.007003404259853743,2.0532904205884384,0.164146728515625,12,25,14.809793472290039,50,50,784,0.pixels,5,MNIST_ConvNet,exemplar,lrns,0.9678,0.94,0.004,0.004,1,False
41,1.9326060743174434,5.090546250121294,0.004361985965527087,2.0532904205884384,0.164146728515625,12,25,14.809793472290039,50,50,784,0.pixels,5,MNIST_ConvNet,exemplar,lrns,0.9678,0.94,0.004,0.004,1,False
42,2.4366513235493827,5.066586506298893,0.003432816766151439,2.0532904205884384,0.164146728515625,12,25,14.809793472290039,50,50,784,0.pixels,5,MNIST_ConvNet,exemplar,lrns,0.9678,0.94,0.004,0.004,1,False
43,2.3159762405527116,4.869924203132423,0.005451398719609623,2.0532904205884384,0.164146728515625,12,25,14.809793472290039,50,50,784,0.pixels,5,MNIST_ConvNet,exemplar,lrns,0.9678,0.94,0.004,0.004,1,False
44,2.218353514740484,4.714503027317778,0.007620997659678476,2.0532904205884384,0.164146728515625,12,25,14.809793472290039,50,50,784,0.pixels,5,MNIST_ConvNet,exemplar,lrns,0.9678,0.94,0.004,0.004,1,False
45,1.7801714668897994,5.196967090091014,0.005907085320632782,2.0532904205884384,0.164146728515625,12,25,14.809793472290039,50,50,784,0.pixels,5,MNIST_ConvNet,exemplar,lrns,0.9678,0.94,0.004,0.004,1,False
46,4.292425126328775,4.979122044967223,0.003621995804576825,2.0532904205884384,0.164146728515625,12,25,14.809793472290039,50,50,784,0.pixels,5,MNIST_ConvNet,exemplar,lrns,0.9678,0.94,0.004,0.004,1,False
47,2.4138884065780895,5.0664017313177405,0.008492352901423314,2.0532904205884384,0.164146728515625,12,25,14.809793472290039,50,50,784,0.pixels,5,MNIST_ConvNet,exemplar,lrns,0.9678,0.94,0.004,0.004,1,False
48,2.2577833345717373,4.601929891964679,0.011708016095363595,2.0532904205884384,0.164146728515625,12,25,14.809793472290039,50,50,784,0.pixels,5,MNIST_ConvNet,exemplar,lrns,0.9678,0.94,0.004,0.004,1,False
49,2.405261677099569,4.876104982503257,0.004154200396268962,2.0532904205884384,0.164146728515625,12,25,14.809793472290039,50,50,784,0.pixels,5,MNIST_ConvNet,exemplar,lrns,0.9678,0.94,0.004,0.004,1,False
0,1.8369503879807663,4.886293800326975,0.004182661815312747,1.9325755017293793,0.1678738997757743,14,21,14.711172019147982,50,50,2000,1.conv1,5,MNIST_ConvNet,exemplar,lrns,0.9678,0.94,0.004,0.004,1,False
1,1.6045346560016276,5.277491728619624,0.0038978566684882937,1.9325755017293793,0.1678738997757743,14,21,14.711172019147982,50,50,2000,1.conv1,5,MNIST_ConvNet,exemplar,lrns,0.9678,0.94,0.004,0.004,1,False
2,1.8393742777109487,4.6246076963362786,0.002945500162904916,1.9325755017293793,0.1678738997757743,14,21,14.711172019147982,50,50,2000,1.conv1,5,MNIST_ConvNet,exemplar,lrns,0.9678,0.94,0.004,0.004,1,False
3,1.7565261360835895,4.561546267156698,0.0043681658432735155,1.9325755017293793,0.1678738997757743,14,21,14.711172019147982,50,50,2000,1.conv1,5,MNIST_ConvNet,exemplar,lrns,0.9678,0.94,0.004,0.004,1,False
4,1.3182541539566097,4.75513563763992,0.0035023365553918727,1.9325755017293793,0.1678738997757743,14,21,14.711172019147982,50,50,2000,1.conv1,5,MNIST_ConvNet,exemplar,lrns,0.9678,0.94,0.004,0.004,1,False
5,1.576739376948646,5.104635024476829,0.014129998693151931,1.9325755017293793,0.1678738997757743,14,21,14.711172019147982,50,50,2000,1.conv1,5,MNIST_ConvNet,exemplar,lrns,0.9678,0.94,0.004,0.004,1,False
6,2.5460637749741606,4.9285516105222404,0.0029888509890511053,1.9325755017293793,0.1678738997757743,14,21,14.711172019147982,50,50,2000,1.conv1,5,MNIST_ConvNet,exemplar,lrns,0.9678,0.94,0.004,0.004,1,False
7,2.454514526043265,4.685980666448833,0.0035696685306770824,1.9325755017293793,0.1678738997757743,14,21,14.711172019147982,50,50,2000,1.conv1,5,MNIST_ConvNet,exemplar,lrns,0.9678,0.94,0.004,0.004,1,False
8,1.652914039691197,4.879265034094682,0.0025138981450884773,1.9325755017293793,0.1678738997757743,14,21,14.711172019147982,50,50,2000,1.conv1,5,MNIST_ConvNet,exemplar,lrns,0.9678,0.94,0.004,0.004,1,False
9,1.4880755268443444,4.900780059934334,0.002687313357413172,1.9325755017293793,0.1678738997757743,14,21,14.711172019147982,50,50,2000,1.conv1,5,MNIST_ConvNet,exemplar,lrns,0.9678,0.94,0.004,0.004,1,False
10,2.5990773780703216,4.14809639179362,0.033439765669067,1.9325755017293793,0.1678738997757743,14,21,14.711172019147982,50,50,2000,1.conv1,5,MNIST_ConvNet,exemplar,lrns,0.9678,0.94,0.004,0.004,1,False
11,1.6826295743300277,4.558472821607143,0.009369871695767142,1.9325755017293793,0.1678738997757743,14,21,14.711172019147982,50,50,2000,1.conv1,5,MNIST_ConvNet,exemplar,lrns,0.9678,0.94,0.004,0.004,1,False
12,1.9674314641268262,4.768789846338349,0.006322267007242385,1.9325755017293793,0.1678738997757743,14,21,14.711172019147982,50,50,2000,1.conv1,5,MNIST_ConvNet,exemplar,lrns,0.9678,0.94,0.004,0.004,1,False
13,2.0387531416401083,4.600019877377671,0.003523702319108245,1.9325755017293793,0.1678738997757743,14,21,14.711172019147982,50,50,2000,1.conv1,5,MNIST_ConvNet,exemplar,lrns,0.9678,0.94,0.004,0.004,1,False
14,2.4562465955598856,4.712817262148635,0.0029369009617983208,1.9325755017293793,0.1678738997757743,14,21,14.711172019147982,50,50,2000,1.conv1,5,MNIST_ConvNet,exemplar,lrns,0.9678,0.94,0.004,0.004,1,False
15,2.06600881094841,4.684222360405048,0.00568403414877481,1.9325755017293793,0.1678738997757743,14,21,14.711172019147982,50,50,2000,1.conv1,5,MNIST_ConvNet,exemplar,lrns,0.9678,0.94,0.004,0.004,1,False
16,1.8493936462113503,5.0585516128849015,0.002972154761104616,1.9325755017293793,0.1678738997757743,14,21,14.711172019147982,50,50,2000,1.conv1,5,MNIST_ConvNet,exemplar,lrns,0.9678,0.94,0.004,0.004,1,False
17,2.595434135507047,4.682098106774241,0.0026291436097510847,1.9325755017293793,0.1678738997757743,14,21,14.711172019147982,50,50,2000,1.conv1,5,MNIST_ConvNet,exemplar,lrns,0.9678,0.94,0.004,0.004,1,False
18,1.8376127475570894,4.43601698058229,0.0021253513687563906,1.9325755017293793,0.1678738997757743,14,21,14.711172019147982,50,50,2000,1.conv1,5,MNIST_ConvNet,exemplar,lrns,0.9678,0.94,0.004,0.004,1,False
19,2.1600804410582892,4.478366482605174,0.004727018124303602,1.9325755017293793,0.1678738997757743,14,21,14.711172019147982,50,50,2000,1.conv1,5,MNIST_ConvNet,exemplar,lrns,0.9678,0.94,0.004,0.004,1,False
20,2.3024785037254833,4.787953592510519,0.0023163879615147377,1.9325755017293793,0.1678738997757743,14,21,14.711172019147982,50,50,2000,1.conv1,5,MNIST_ConvNet,exemplar,lrns,0.9678,0.94,0.004,0.004,1,False
21,1.8472547845809402,5.218920464043179,0.01721610847619857,1.9325755017293793,0.1678738997757743,14,21,14.711172019147982,50,50,2000,1.conv1,5,MNIST_ConvNet,exemplar,lrns,0.9678,0.94,0.004,0.004,1,False
22,1.827371161659284,5.004180828653841,0.003291401967315393,1.9325755017293793,0.1678738997757743,14,21,14.711172019147982,50,50,2000,1.conv1,5,MNIST_ConvNet,exemplar,lrns,0.9678,0.94,0.004,0.004,1,False
23,2.140868110133148,4.475301907610863,0.010792805076338544,1.9325755017293793,0.1678738997757743,14,21,14.711172019147982,50,50,2000,1.conv1,5,MNIST_ConvNet,exemplar,lrns,0.9678,0.94,0.004,0.004,1,False
24,1.8234190584191892,4.702522043672289,0.00283765195562097,1.9325755017293793,0.1678738997757743,14,21,14.711172019147982,50,50,2000,1.conv1,5,MNIST_ConvNet,exemplar,lrns,0.9678,0.94,0.004,0.004,1,False
25,1.9632432566659725,4.041068494584395,0.005680063219715445,1.9325755017293793,0.1678738997757743,14,21,14.711172019147982,50,50,2000,1.conv1,5,MNIST_ConvNet,exemplar,lrns,0.9678,0.94,0.004,0.004,1,False
26,1.863440687319541,4.893826344216098,0.004282689072712139,1.9325755017293793,0.1678738997757743,14,21,14.711172019147982,50,50,2000,1.conv1,5,MNIST_ConvNet,exemplar,lrns,0.9678,0.94,0.004,0.004,1,False
27,1.7389713812280059,4.660913361533721,0.005986455319448836,1.9325755017293793,0.1678738997757743,14,21,14.711172019147982,50,50,2000,1.conv1,5,MNIST_ConvNet,exemplar,lrns,0.9678,0.94,0.004,0.004,1,False
28,2.183766899333952,4.704689115781643,0.0029265394445947587,1.9325755017293793,0.1678738997757743,14,21,14.711172019147982,50,50,2000,1.conv1,5,MNIST_ConvNet,exemplar,lrns,0.9678,0.94,0.004,0.004,1,False
29,1.7494375351498008,4.961704353442798,0.0029943953741764905,1.9325755017293793,0.1678738997757743,14,21,14.711172019147982,50,50,2000,1.conv1,5,MNIST_ConvNet,exemplar,lrns,0.9678,0.94,0.004,0.004,1,False
30,2.7801771321544004,4.553674664107259,0.0031371109289780757,1.9325755017293793,0.1678738997757743,14,21,14.711172019147982,50,50,2000,1.conv1,5,MNIST_ConvNet,exemplar,lrns,0.9678,0.94,0.004,0.004,1,False
31,2.11663249303876,4.4379919910813515,0.0032399283539829554,1.9325755017293793,0.1678738997757743,14,21,14.711172019147982,50,50,2000,1.conv1,5,MNIST_ConvNet,exemplar,lrns,0.9678,0.94,0.004,0.004,1,False
32,1.8442802483248202,4.574060869927296,0.002038470570109795,1.9325755017293793,0.1678738997757743,14,21,14.711172019147982,50,50,2000,1.conv1,5,MNIST_ConvNet,exemplar,lrns,0.9678,0.94,0.004,0.004,1,False
33,1.8132364690718017,4.534938667286086,0.0043888750009286465,1.9325755017293793,0.1678738997757743,14,21,14.711172019147982,50,50,2000,1.conv1,5,MNIST_ConvNet,exemplar,lrns,0.9678,0.94,0.004,0.004,1,False
34,2.148576589937934,4.965032270444926,0.002503218402659672,1.9325755017293793,0.1678738997757743,14,21,14.711172019147982,50,50,2000,1.conv1,5,MNIST_ConvNet,exemplar,lrns,0.9678,0.94,0.004,0.004,1,False
35,1.9018935274145177,4.419433476447264,0.004334280088099798,1.9325755017293793,0.1678738997757743,14,21,14.711172019147982,50,50,2000,1.conv1,5,MNIST_ConvNet,exemplar,lrns,0.9678,0.94,0.004,0.004,1,False
36,2.2699230769906524,5.15424997254628,0.002266333051839366,1.9325755017293793,0.1678738997757743,14,21,14.711172019147982,50,50,2000,1.conv1,5,MNIST_ConvNet,exemplar,lrns,0.9678,0.94,0.004,0.004,1,False
37,1.730804650433468,4.732792509089688,0.0025314133510971415,1.9325755017293793,0.1678738997757743,14,21,14.711172019147982,50,50,2000,1.conv1,5,MNIST_ConvNet,exemplar,lrns,0.9678,0.94,0.004,0.004,1,False
38,1.3355505986438843,5.311979159137493,0.0026776561574853347,1.9325755017293793,0.1678738997757743,14,21,14.711172019147982,50,50,2000,1.conv1,5,MNIST_ConvNet,exemplar,lrns,0.9678,0.94,0.004,0.004,1,False
39,2.686365318764501,4.247802865619881,0.003469458423728809,1.9325755017293793,0.1678738997757743,14,21,14.711172019147982,50,50,2000,1.conv1,5,MNIST_ConvNet,exemplar,lrns,0.9678,0.94,0.004,0.004,1,False
40,1.7525727242480797,4.4765931402927785,0.005905104565952548,1.9325755017293793,0.1678738997757743,14,21,14.711172019147982,50,50,2000,1.conv1,5,MNIST_ConvNet,exemplar,lrns,0.9678,0.94,0.004,0.004,1,False
41,1.6233187262591326,4.4978920344267,0.002577300420492146,1.9325755017293793,0.1678738997757743,14,21,14.711172019147982,50,50,2000,1.conv1,5,MNIST_ConvNet,exemplar,lrns,0.9678,0.94,0.004,0.004,1,False
42,2.533269872159807,4.30341163852253,0.0023482377197265388,1.9325755017293793,0.1678738997757743,14,21,14.711172019147982,50,50,2000,1.conv1,5,MNIST_ConvNet,exemplar,lrns,0.9678,0.94,0.004,0.004,1,False
43,1.9315805300796862,4.59793781471056,0.0030090732029438003,1.9325755017293793,0.1678738997757743,14,21,14.711172019147982,50,50,2000,1.conv1,5,MNIST_ConvNet,exemplar,lrns,0.9678,0.94,0.004,0.004,1,False
44,2.0712923168242012,4.297015268354712,0.006731343489998058,1.9325755017293793,0.1678738997757743,14,21,14.711172019147982,50,50,2000,1.conv1,5,MNIST_ConvNet,exemplar,lrns,0.9678,0.94,0.004,0.004,1,False
45,1.8200537074631171,4.9648523401782985,0.004047163063281859,1.9325755017293793,0.1678738997757743,14,21,14.711172019147982,50,50,2000,1.conv1,5,MNIST_ConvNet,exemplar,lrns,0.9678,0.94,0.004,0.004,1,False
46,1.9402246617530285,4.731167426238938,0.0028349347397215426,1.9325755017293793,0.1678738997757743,14,21,14.711172019147982,50,50,2000,1.conv1,5,MNIST_ConvNet,exemplar,lrns,0.9678,0.94,0.004,0.004,1,False
47,1.9403913068010126,4.597150739386267,0.006091538814251052,1.9325755017293793,0.1678738997757743,14,21,14.711172019147982,50,50,2000,1.conv1,5,MNIST_ConvNet,exemplar,lrns,0.9678,0.94,0.004,0.004,1,False
48,2.678333652460967,4.46267319332102,0.0024517637776008223,1.9325755017293793,0.1678738997757743,14,21,14.711172019147982,50,50,2000,1.conv1,5,MNIST_ConvNet,exemplar,lrns,0.9678,0.94,0.004,0.004,1,False
49,1.8562745672437788,4.727276029498291,0.0026203521643725297,1.9325755017293793,0.1678738997757743,14,21,14.711172019147982,50,50,2000,1.conv1,5,MNIST_ConvNet,exemplar,lrns,0.9678,0.94,0.004,0.004,1,False
0,1.8183074343771455,4.623909911802449,0.0030376935423205857,2.018924574572229,0.1569100267059949,12,25,16.442012786865234,50,50,2000,2.norm,5,MNIST_ConvNet,exemplar,lrns,0.9678,0.94,0.004,0.004,1,False
1,1.8296270328351594,5.15925632612282,0.0018854862234955944,2.018924574572229,0.1569100267059949,12,25,16.442012786865234,50,50,2000,2.norm,5,MNIST_ConvNet,exemplar,lrns,0.9678,0.94,0.004,0.004,1,False
2,1.9147415717507394,4.674108597936168,0.0031250608113490546,2.018924574572229,0.1569100267059949,12,25,16.442012786865234,50,50,2000,2.norm,5,MNIST_ConvNet,exemplar,lrns,0.9678,0.94,0.004,0.004,1,False
3,3.0966227815229033,4.250699942954641,0.0019199121898070635,2.018924574572229,0.1569100267059949,12,25,16.442012786865234,50,50,2000,2.norm,5,MNIST_ConvNet,exemplar,lrns,0.9678,0.94,0.004,0.004,1,False
4,1.9287597328550328,4.60051922127321,0.004001904415385042,2.018924574572229,0.1569100267059949,12,25,16.442012786865234,50,50,2000,2.norm,5,MNIST_ConvNet,exemplar,lrns,0.9678,0.94,0.004,0.004,1,False
5,2.8197942330215673,4.38332849764364,0.0030933888589992986,2.018924574572229,0.1569100267059949,12,25,16.442012786865234,50,50,2000,2.norm,5,MNIST_ConvNet,exemplar,lrns,0.9678,0.94,0.004,0.004,1,False
6,1.228202289943278,4.56475036344308,0.0022824208226916837,2.018924574572229,0.1569100267059949,12,25,16.442012786865234,50,50,2000,2.norm,5,MNIST_ConvNet,exemplar,lrns,0.9678,0.94,0.004,0.004,1,False
7,2.777118651589839,4.5159695562608935,0.0021841974665806193,2.018924574572229,0.1569100267059949,12,25,16.442012786865234,50,50,2000,2.norm,5,MNIST_ConvNet,exemplar,lrns,0.9678,0.94,0.004,0.004,1,False
8,1.7477564951022613,5.007004372083941,0.0015956573944596337,2.018924574572229,0.1569100267059949,12,25,16.442012786865234,50,50,2000,2.norm,5,MNIST_ConvNet,exemplar,lrns,0.9678,0.94,0.004,0.004,1,False
9,2.4481357998438096,4.809087760694665,0.0023569497268158632,2.018924574572229,0.1569100267059949,12,25,16.442012786865234,50,50,2000,2.norm,5,MNIST_ConvNet,exemplar,lrns,0.9678,0.94,0.004,0.004,1,False
10,2.0613384629438967,3.6564225107670025,0.01684127869283805,2.018924574572229,0.1569100267059949,12,25,16.442012786865234,50,50,2000,2.norm,5,MNIST_ConvNet,exemplar,lrns,0.9678,0.94,0.004,0.004,1,False
11,2.0559690313421215,4.338445349166794,0.0019795142323062826,2.018924574572229,0.1569100267059949,12,25,16.442012786865234,50,50,2000,2.norm,5,MNIST_ConvNet,exemplar,lrns,0.9678,0.94,0.004,0.004,1,False
12,2.1507964022389587,4.27623702446826,0.0030223210956670608,2.018924574572229,0.1569100267059949,12,25,16.442012786865234,50,50,2000,2.norm,5,MNIST_ConvNet,exemplar,lrns,0.9678,0.94,0.004,0.004,1,False
13,2.1001045372048663,4.166272637167188,0.0038424480100025036,2.018924574572229,0.1569100267059949,12,25,16.442012786865234,50,50,2000,2.norm,5,MNIST_ConvNet,exemplar,lrns,0.9678,0.94,0.004,0.004,1,False
14,1.5676722321779326,4.696107869056783,0.0020430135864148873,2.018924574572229,0.1569100267059949,12,25,16.442012786865234,50,50,2000,2.norm,5,MNIST_ConvNet,exemplar,lrns,0.9678,0.94,0.004,0.004,1,False
15,2.4975004539082506,4.342948451785398,0.005701306995912205,2.018924574572229,0.1569100267059949,12,25,16.442012786865234,50,50,2000,2.norm,5,MNIST_ConvNet,exemplar,lrns,0.9678,0.94,0.004,0.004,1,False
16,1.703426211498293,4.812977141237502,0.0031255998490015862,2.018924574572229,0.1569100267059949,12,25,16.442012786865234,50,50,2000,2.norm,5,MNIST_ConvNet,exemplar,lrns,0.9678,0.94,0.004,0.004,1,False
17,2.3008241173203356,4.76677514809412,0.0016741332503092384,2.018924574572229,0.1569100267059949,12,25,16.442012786865234,50,50,2000,2.norm,5,MNIST_ConvNet,exemplar,lrns,0.9678,0.94,0.004,0.004,1,False
18,1.8915878439010936,4.520544283046447,0.0017390139666307702,2.018924574572229,0.1569100267059949,12,25,16.442012786865234,50,50,2000,2.norm,5,MNIST_ConvNet,exemplar,lrns,0.9678,0.94,0.004,0.004,1,False
19,2.2782790636777355,4.527927472024201,0.004524784012692208,2.018924574572229,0.1569100267059949,12,25,16.442012786865234,50,50,2000,2.norm,5,MNIST_ConvNet,exemplar,lrns,0.9678,0.94,0.004,0.004,1,False
20,2.119808807058142,4.432419984175609,0.0017629585876689285,2.018924574572229,0.1569100267059949,12,25,16.442012786865234,50,50,2000,2.norm,5,MNIST_ConvNet,exemplar,lrns,0.9678,0.94,0.004,0.004,1,False
21,1.665338028629901,5.110917606803449,0.003203402463619233,2.018924574572229,0.1569100267059949,12,25,16.442012786865234,50,50,2000,2.norm,5,MNIST_ConvNet,exemplar,lrns,0.9678,0.94,0.004,0.004,1,False
22,1.5493461432930449,4.8643856230552664,0.0032967676833751264,2.018924574572229,0.1569100267059949,12,25,16.442012786865234,50,50,2000,2.norm,5,MNIST_ConvNet,exemplar,lrns,0.9678,0.94,0.004,0.004,1,False
23,1.60791782901862,4.617797074625058,0.005937322799670649,2.018924574572229,0.1569100267059949,12,25,16.442012786865234,50,50,2000,2.norm,5,MNIST_ConvNet,exemplar,lrns,0.9678,0.94,0.004,0.004,1,False
24,1.7712963174780327,4.735344476858795,0.0024425423774836258,2.018924574572229,0.1569100267059949,12,25,16.442012786865234,50,50,2000,2.norm,5,MNIST_ConvNet,exemplar,lrns,0.9678,0.94,0.004,0.004,1,False
25,1.6395875179292814,4.346309159635495,0.0029207166515101642,2.018924574572229,0.1569100267059949,12,25,16.442012786865234,50,50,2000,2.norm,5,MNIST_ConvNet,exemplar,lrns,0.9678,0.94,0.004,0.004,1,False
26,3.158875685624435,4.329639497596342,0.00372987260081279,2.018924574572229,0.1569100267059949,12,25,16.442012786865234,50,50,2000,2.norm,5,MNIST_ConvNet,exemplar,lrns,0.9678,0.94,0.004,0.004,1,False
27,2.6312647167401386,4.858581123949612,0.0023511141213291495,2.018924574572229,0.1569100267059949,12,25,16.442012786865234,50,50,2000,2.norm,5,MNIST_ConvNet,exemplar,lrns,0.9678,0.94,0.004,0.004,1,False
28,1.944143932095606,5.008198662475487,0.002816660857459955,2.018924574572229,0.1569100267059949,12,25,16.442012786865234,50,50,2000,2.norm,5,MNIST_ConvNet,exemplar,lrns,0.9678,0.94,0.004,0.004,1,False
29,2.6513491514110274,4.489170013051302,0.003867051095998771,2.018924574572229,0.1569100267059949,12,25,16.442012786865234,50,50,2000,2.norm,5,MNIST_ConvNet,exemplar,lrns,0.9678,0.94,0.004,0.004,1,False
30,2.006217803415439,4.302229164480285,0.003382741037245801,2.018924574572229,0.1569100267059949,12,25,16.442012786865234,50,50,2000,2.norm,5,MNIST_ConvNet,exemplar,lrns,0.9678,0.94,0.004,0.004,1,False
31,1.921374340424354,4.2804835307995655,0.003626477721431247,2.018924574572229,0.1569100267059949,12,25,16.442012786865234,50,50,2000,2.norm,5,MNIST_ConvNet,exemplar,lrns,0.9678,0.94,0.004,0.004,1,False
32,1.9768121843773838,4.793082255996769,0.002199134803065849,2.018924574572229,0.1569100267059949,12,25,16.442012786865234,50,50,2000,2.norm,5,MNIST_ConvNet,exemplar,lrns,0.9678,0.94,0.004,0.004,1,False
33,2.53107615431922,4.64573670272082,0.0044790247485555455,2.018924574572229,0.1569100267059949,12,25,16.442012786865234,50,50,2000,2.norm,5,MNIST_ConvNet,exemplar,lrns,0.9678,0.94,0.004,0.004,1,False
34,1.6397502585467771,5.077896894349793,0.0025931721934927573,2.018924574572229,0.1569100267059949,12,25,16.442012786865234,50,50,2000,2.norm,5,MNIST_ConvNet,exemplar,lrns,0.9678,0.94,0.004,0.004,1,False
35,2.7435921332344013,4.426807883192493,0.004901738845282298,2.018924574572229,0.1569100267059949,12,25,16.442012786865234,50,50,2000,2.norm,5,MNIST_ConvNet,exemplar,lrns,0.9678,0.94,0.004,0.004,1,False
36,1.7728244471981984,4.352519861116087,0.0020319776506392434,2.018924574572229,0.1569100267059949,12,25,16.442012786865234,50,50,2000,2.norm,5,MNIST_ConvNet,exemplar,lrns,0.9678,0.94,0.004,0.004,1,False
37,2.037762766647708,4.7930142504100575,0.0022463655536267054,2.018924574572229,0.1569100267059949,12,25,16.442012786865234,50,50,2000,2.norm,5,MNIST_ConvNet,exemplar,lrns,0.9678,0.94,0.004,0.004,1,False
38,2.0730397048511806,4.819544536102256,0.0018245153020077167,2.018924574572229,0.1569100267059949,12,25,16.442012786865234,50,50,2000,2.norm,5,MNIST_ConvNet,exemplar,lrns,0.9678,0.94,0.004,0.004,1,False
39,2.019974728747593,3.644533962586064,0.004819760322025577,2.018924574572229,0.1569100267059949,12,25,16.442012786865234,50,50,2000,2.norm,5,MNIST_ConvNet,exemplar,lrns,0.9678,0.94,0.004,0.004,1,False
40,2.157344284975394,4.371062615566398,0.004016878881295744,2.018924574572229,0.1569100267059949,12,25,16.442012786865234,50,50,2000,2.norm,5,MNIST_ConvNet,exemplar,lrns,0.9678,0.94,0.004,0.004,1,False
41,2.0328380772623245,3.992796997014109,0.0032117565900161953,2.018924574572229,0.1569100267059949,12,25,16.442012786865234,50,50,2000,2.norm,5,MNIST_ConvNet,exemplar,lrns,0.9678,0.94,0.004,0.004,1,False
42,1.4792976008580683,4.7249705362984,0.0018731674007535658,2.018924574572229,0.1569100267059949,12,25,16.442012786865234,50,50,2000,2.norm,5,MNIST_ConvNet,exemplar,lrns,0.9678,0.94,0.004,0.004,1,False
43,2.361144016845129,4.851389234299801,0.002502721107715397,2.018924574572229,0.1569100267059949,12,25,16.442012786865234,50,50,2000,2.norm,5,MNIST_ConvNet,exemplar,lrns,0.9678,0.94,0.004,0.004,1,False
44,2.0250580071712325,3.220877509192785,0.005781803224942646,2.018924574572229,0.1569100267059949,12,25,16.442012786865234,50,50,2000,2.norm,5,MNIST_ConvNet,exemplar,lrns,0.9678,0.94,0.004,0.004,1,False
45,3.006821127890161,4.893469698548002,0.0035357336376612074,2.018924574572229,0.1569100267059949,12,25,16.442012786865234,50,50,2000,2.norm,5,MNIST_ConvNet,exemplar,lrns,0.9678,0.94,0.004,0.004,1,False
46,1.7142697738861785,4.379078888450336,0.0034109504077727668,2.018924574572229,0.1569100267059949,12,25,16.442012786865234,50,50,2000,2.norm,5,MNIST_ConvNet,exemplar,lrns,0.9678,0.94,0.004,0.004,1,False
47,3.020312090066208,4.74332383565637,0.0032828483259034575,2.018924574572229,0.1569100267059949,12,25,16.442012786865234,50,50,2000,2.norm,5,MNIST_ConvNet,exemplar,lrns,0.9678,0.94,0.004,0.004,1,False
48,1.739884805449423,4.159927045179884,0.008436027758869246,2.018924574572229,0.1569100267059949,12,25,16.442012786865234,50,50,2000,2.norm,5,MNIST_ConvNet,exemplar,lrns,0.9678,0.94,0.004,0.004,1,False
49,2.190264911110199,4.847795147749292,0.0031697729749910705,2.018924574572229,0.1569100267059949,12,25,16.442012786865234,50,50,2000,2.norm,5,MNIST_ConvNet,exemplar,lrns,0.9678,0.94,0.004,0.004,1,False
0,1.8014592534965952,4.603368571442515,0.004168656052976987,2.028298659313824,0.13893651845503827,11,29,19.039508819580078,50,50,2000,3.relu,5,MNIST_ConvNet,exemplar,lrns,0.9678,0.94,0.004,0.004,1,False
1,2.541378107083022,4.978270243023105,0.002192144450598558,2.028298659313824,0.13893651845503827,11,29,19.039508819580078,50,50,2000,3.relu,5,MNIST_ConvNet,exemplar,lrns,0.9678,0.94,0.004,0.004,1,False
2,1.8753434424929476,5.101528585966725,0.002943776272151402,2.028298659313824,0.13893651845503827,11,29,19.039508819580078,50,50,2000,3.relu,5,MNIST_ConvNet,exemplar,lrns,0.9678,0.94,0.004,0.004,1,False
3,2.3060981830582183,4.537174204335882,0.0023361431875461762,2.028298659313824,0.13893651845503827,11,29,19.039508819580078,50,50,2000,3.relu,5,MNIST_ConvNet,exemplar,lrns,0.9678,0.94,0.004,0.004,1,False
4,1.3702667059392213,4.8119256193602595,0.004201917739638146,2.028298659313824,0.13893651845503827,11,29,19.039508819580078,50,50,2000,3.relu,5,MNIST_ConvNet,exemplar,lrns,0.9678,0.94,0.004,0.004,1,False
5,3.1368389468509648,4.690910659847917,0.0024108713756809045,2.028298659313824,0.13893651845503827,11,29,19.039508819580078,50,50,2000,3.relu,5,MNIST_ConvNet,exemplar,lrns,0.9678,0.94,0.004,0.004,1,False
6,1.8838991980923285,4.557870693574419,0.002303274367653835,2.028298659313824,0.13893651845503827,11,29,19.039508819580078,50,50,2000,3.relu,5,MNIST_ConvNet,exemplar,lrns,0.9678,0.94,0.004,0.004,1,False
7,2.4383082863116745,5.084777303616025,0.0025858701174084923,2.028298659313824,0.13893651845503827,11,29,19.039508819580078,50,50,2000,3.relu,5,MNIST_ConvNet,exemplar,lrns,0.9678,0.94,0.004,0.004,1,False
8,2.797798145856099,4.737668920202574,0.0017951296757492787,2.028298659313824,0.13893651845503827,11,29,19.039508819580078,50,50,2000,3.relu,5,MNIST_ConvNet,exemplar,lrns,0.9678,0.94,0.004,0.004,1,False
9,1.8931829034108147,5.051727667960862,0.0023052369508300614,2.028298659313824,0.13893651845503827,11,29,19.039508819580078,50,50,2000,3.relu,5,MNIST_ConvNet,exemplar,lrns,0.9678,0.94,0.004,0.004,1,False
10,1.840960932132499,3.604671840481075,0.009515432553120548,2.028298659313824,0.13893651845503827,11,29,19.039508819580078,50,50,2000,3.relu,5,MNIST_ConvNet,exemplar,lrns,0.9678,0.94,0.004,0.004,1,False
11,1.7994054307686294,4.535183805426432,0.0022547602574608775,2.028298659313824,0.13893651845503827,11,29,19.039508819580078,50,50,2000,3.relu,5,MNIST_ConvNet,exemplar,lrns,0.9678,0.94,0.004,0.004,1,False
12,2.1213147877833034,4.453992891086851,0.003738658286375273,2.028298659313824,0.13893651845503827,11,29,19.039508819580078,50,50,2000,3.relu,5,MNIST_ConvNet,exemplar,lrns,0.9678,0.94,0.004,0.004,1,False
13,1.8972852665023412,4.050337265361981,0.002472187757136416,2.028298659313824,0.13893651845503827,11,29,19.039508819580078,50,50,2000,3.relu,5,MNIST_ConvNet,exemplar,lrns,0.9678,0.94,0.004,0.004,1,False
14,3.1775524880915813,4.813690586899319,0.0020915495991636127,2.028298659313824,0.13893651845503827,11,29,19.039508819580078,50,50,2000,3.relu,5,MNIST_ConvNet,exemplar,lrns,0.9678,0.94,0.004,0.004,1,False
15,1.7318221939771516,4.464700889374173,0.004937124164962256,2.028298659313824,0.13893651845503827,11,29,19.039508819580078,50,50,2000,3.relu,5,MNIST_ConvNet,exemplar,lrns,0.9678,0.94,0.004,0.004,1,False
16,2.119425183294557,4.5543655348321606,0.003321292657120415,2.028298659313824,0.13893651845503827,11,29,19.039508819580078,50,50,2000,3.relu,5,MNIST_ConvNet,exemplar,lrns,0.9678,0.94,0.004,0.004,1,False
17,2.168160320451293,4.3447502627842445,0.002085026558013848,2.028298659313824,0.13893651845503827,11,29,19.039508819580078,50,50,2000,3.relu,5,MNIST_ConvNet,exemplar,lrns,0.9678,0.94,0.004,0.004,1,False
18,2.553961890637888,4.8147774873399145,0.002038091526935087,2.028298659313824,0.13893651845503827,11,29,19.039508819580078,50,50,2000,3.relu,5,MNIST_ConvNet,exemplar,lrns,0.9678,0.94,0.004,0.004,1,False
19,3.3745956502253267,4.545256306986902,0.004467812779740618,2.028298659313824,0.13893651845503827,11,29,19.039508819580078,50,50,2000,3.relu,5,MNIST_ConvNet,exemplar,lrns,0.9678,0.94,0.004,0.004,1,False
20,2.4030718978870125,4.177970976123584,0.0018340598363937228,2.028298659313824,0.13893651845503827,11,29,19.039508819580078,50,50,2000,3.relu,5,MNIST_ConvNet,exemplar,lrns,0.9678,0.94,0.004,0.004,1,False
21,1.7004164560390576,5.219616484192505,0.003270242047157632,2.028298659313824,0.13893651845503827,11,29,19.039508819580078,50,50,2000,3.relu,5,MNIST_ConvNet,exemplar,lrns,0.9678,0.94,0.004,0.004,1,False
22,1.7714592404501193,4.3974530462979615,0.0034551660987126773,2.028298659313824,0.13893651845503827,11,29,19.039508819580078,50,50,2000,3.relu,5,MNIST_ConvNet,exemplar,lrns,0.9678,0.94,0.004,0.004,1,False
23,1.2736596497808836,4.457956395094649,0.001627859262510979,2.028298659313824,0.13893651845503827,11,29,19.039508819580078,50,50,2000,3.relu,5,MNIST_ConvNet,exemplar,lrns,0.9678,0.94,0.004,0.004,1,False
24,1.502898022472997,4.316369901369479,0.002867811534434761,2.028298659313824,0.13893651845503827,11,29,19.039508819580078,50,50,2000,3.relu,5,MNIST_ConvNet,exemplar,lrns,0.9678,0.94,0.004,0.004,1,False
25,1.9795395658132802,4.065411849926893,0.0035257730969630316,2.028298659313824,0.13893651845503827,11,29,19.039508819580078,50,50,2000,3.relu,5,MNIST_ConvNet,exemplar,lrns,0.9678,0.94,0.004,0.004,1,False
26,2.1505964510692928,4.429104020160576,0.003376709087929411,2.028298659313824,0.13893651845503827,11,29,19.039508819580078,50,50,2000,3.relu,5,MNIST_ConvNet,exemplar,lrns,0.9678,0.94,0.004,0.004,1,False
27,1.8809520807152418,4.85743508389408,0.0024420300560592766,2.028298659313824,0.13893651845503827,11,29,19.039508819580078,50,50,2000,3.relu,5,MNIST_ConvNet,exemplar,lrns,0.9678,0.94,0.004,0.004,1,False
28,2.2562950928258605,4.385124463442961,0.002121801483896628,2.028298659313824,0.13893651845503827,11,29,19.039508819580078,50,50,2000,3.relu,5,MNIST_ConvNet,exemplar,lrns,0.9678,0.94,0.004,0.004,1,False
29,2.010728029936019,4.692188285522161,0.0032926442191367786,2.028298659313824,0.13893651845503827,11,29,19.039508819580078,50,50,2000,3.relu,5,MNIST_ConvNet,exemplar,lrns,0.9678,0.94,0.004,0.004,1,False
30,1.573916319665282,3.8262297399786362,0.00356158269720438,2.028298659313824,0.13893651845503827,11,29,19.039508819580078,50,50,2000,3.relu,5,MNIST_ConvNet,exemplar,lrns,0.9678,0.94,0.004,0.004,1,False
31,2.5116923707767738,4.715136922877646,0.0021351710863262664,2.028298659313824,0.13893651845503827,11,29,19.039508819580078,50,50,2000,3.relu,5,MNIST_ConvNet,exemplar,lrns,0.9678,0.94,0.004,0.004,1,False
32,1.904404604752563,4.663942924010403,0.0024290399839864657,2.028298659313824,0.13893651845503827,11,29,19.039508819580078,50,50,2000,3.relu,5,MNIST_ConvNet,exemplar,lrns,0.9678,0.94,0.004,0.004,1,False
33,2.276204959298674,4.376205494421775,0.004395401982721925,2.028298659313824,0.13893651845503827,11,29,19.039508819580078,50,50,2000,3.relu,5,MNIST_ConvNet,exemplar,lrns,0.9678,0.94,0.004,0.004,1,False
34,2.02333032232844,4.531192665480484,0.0032963854054782332,2.028298659313824,0.13893651845503827,11,29,19.039508819580078,50,50,2000,3.relu,5,MNIST_ConvNet,exemplar,lrns,0.9678,0.94,0.004,0.004,1,False
35,1.7577656348187394,4.31196142856348,0.004674125183851337,2.028298659313824,0.13893651845503827,11,29,19.039508819580078,50,50,2000,3.relu,5,MNIST_ConvNet,exemplar,lrns,0.9678,0.94,0.004,0.004,1,False
36,2.1575223951034777,4.477708173168735,0.0021721393234450602,2.028298659313824,0.13893651845503827,11,29,19.039508819580078,50,50,2000,3.relu,5,MNIST_ConvNet,exemplar,lrns,0.9678,0.94,0.004,0.004,1,False
37,2.465018283214098,4.152642998002682,0.002201611850620369,2.028298659313824,0.13893651845503827,11,29,19.039508819580078,50,50,2000,3.relu,5,MNIST_ConvNet,exemplar,lrns,0.9678,0.94,0.004,0.004,1,False
38,2.190836788934656,4.636122933405826,0.0021301691062759645,2.028298659313824,0.13893651845503827,11,29,19.039508819580078,50,50,2000,3.relu,5,MNIST_ConvNet,exemplar,lrns,0.9678,0.94,0.004,0.004,1,False
39,1.6151075212928203,3.326152674868503,0.004372431326127256,2.028298659313824,0.13893651845503827,11,29,19.039508819580078,50,50,2000,3.relu,5,MNIST_ConvNet,exemplar,lrns,0.9678,0.94,0.004,0.004,1,False
40,2.1556963004979632,4.362695270360321,0.0030134582597756655,2.028298659313824,0.13893651845503827,11,29,19.039508819580078,50,50,2000,3.relu,5,MNIST_ConvNet,exemplar,lrns,0.9678,0.94,0.004,0.004,1,False
41,1.4178405477271794,4.142798233534947,0.002609109447774335,2.028298659313824,0.13893651845503827,11,29,19.039508819580078,50,50,2000,3.relu,5,MNIST_ConvNet,exemplar,lrns,0.9678,0.94,0.004,0.004,1,False
42,2.0329906957497346,4.7845849614613165,0.0017388946569972864,2.028298659313824,0.13893651845503827,11,29,19.039508819580078,50,50,2000,3.relu,5,MNIST_ConvNet,exemplar,lrns,0.9678,0.94,0.004,0.004,1,False
43,1.8101319950850083,4.808995445827825,0.0020274884715297966,2.028298659313824,0.13893651845503827,11,29,19.039508819580078,50,50,2000,3.relu,5,MNIST_ConvNet,exemplar,lrns,0.9678,0.94,0.004,0.004,1,False
44,3.4533267324176538,3.607473547886946,0.00286530335639552,2.028298659313824,0.13893651845503827,11,29,19.039508819580078,50,50,2000,3.relu,5,MNIST_ConvNet,exemplar,lrns,0.9678,0.94,0.004,0.004,1,False
45,2.3717628157075814,4.614615274510583,0.003397610652402835,2.028298659313824,0.13893651845503827,11,29,19.039508819580078,50,50,2000,3.relu,5,MNIST_ConvNet,exemplar,lrns,0.9678,0.94,0.004,0.004,1,False
46,1.9082476271702362,4.638635851356888,0.003440454744752095,2.028298659313824,0.13893651845503827,11,29,19.039508819580078,50,50,2000,3.relu,5,MNIST_ConvNet,exemplar,lrns,0.9678,0.94,0.004,0.004,1,False
47,2.303787051272874,4.381105229720641,0.0026189356624139316,2.028298659313824,0.13893651845503827,11,29,19.039508819580078,50,50,2000,3.relu,5,MNIST_ConvNet,exemplar,lrns,0.9678,0.94,0.004,0.004,1,False
48,2.276346133851158,3.662479777242214,0.0020310178698711595,2.028298659313824,0.13893651845503827,11,29,19.039508819580078,50,50,2000,3.relu,5,MNIST_ConvNet,exemplar,lrns,0.9678,0.94,0.004,0.004,1,False
49,2.1712070833492274,4.9505609876372665,0.0028014173723173233,2.028298659313824,0.13893651845503827,11,29,19.039508819580078,50,50,2000,3.relu,5,MNIST_ConvNet,exemplar,lrns,0.9678,0.94,0.004,0.004,1,False
0,1.7990244542902105,4.803214761792194,0.00269953213182332,2.0000043888713304,0.20882468710140306,15,18,11.085264205932617,50,50,2000,4.conv2,5,MNIST_ConvNet,exemplar,lrns,0.9678,0.94,0.004,0.004,1,False
1,2.4694481685270215,4.6900656923266375,0.001838595393730126,2.0000043888713304,0.20882468710140306,15,18,11.085264205932617,50,50,2000,4.conv2,5,MNIST_ConvNet,exemplar,lrns,0.9678,0.94,0.004,0.004,1,False
2,2.440317789044918,4.5104466750725365,0.004019541507666035,2.0000043888713304,0.20882468710140306,15,18,11.085264205932617,50,50,2000,4.conv2,5,MNIST_ConvNet,exemplar,lrns,0.9678,0.94,0.004,0.004,1,False
3,1.7014361745240234,4.436461554344774,0.005135367599136632,2.0000043888713304,0.20882468710140306,15,18,11.085264205932617,50,50,2000,4.conv2,5,MNIST_ConvNet,exemplar,lrns,0.9678,0.94,0.004,0.004,1,False
4,1.2558868421686098,4.731458121330211,0.0032546775270397158,2.0000043888713304,0.20882468710140306,15,18,11.085264205932617,50,50,2000,4.conv2,5,MNIST_ConvNet,exemplar,lrns,0.9678,0.94,0.004,0.004,1,False
5,1.973295694307405,4.713969625394371,0.0027347877427274093,2.0000043888713304,0.20882468710140306,15,18,11.085264205932617,50,50,2000,4.conv2,5,MNIST_ConvNet,exemplar,lrns,0.9678,0.94,0.004,0.004,1,False
6,1.6205708039448068,4.65271901043936,0.0019268291846178706,2.0000043888713304,0.20882468710140306,15,18,11.085264205932617,50,50,2000,4.conv2,5,MNIST_ConvNet,exemplar,lrns,0.9678,0.94,0.004,0.004,1,False
7,2.108085410295786,4.804380825824333,0.002058591831791357,2.0000043888713304,0.20882468710140306,15,18,11.085264205932617,50,50,2000,4.conv2,5,MNIST_ConvNet,exemplar,lrns,0.9678,0.94,0.004,0.004,1,False
8,1.8257768885456143,5.0990373428163105,0.001791070044319865,2.0000043888713304,0.20882468710140306,15,18,11.085264205932617,50,50,2000,4.conv2,5,MNIST_ConvNet,exemplar,lrns,0.9678,0.94,0.004,0.004,1,False
9,2.047606017097936,4.273028186724048,0.0028367237298344136,2.0000043888713304,0.20882468710140306,15,18,11.085264205932617,50,50,2000,4.conv2,5,MNIST_ConvNet,exemplar,lrns,0.9678,0.94,0.004,0.004,1,False
10,1.9238081459517717,3.4082133499713403,0.01094923830811302,2.0000043888713304,0.20882468710140306,15,18,11.085264205932617,50,50,2000,4.conv2,5,MNIST_ConvNet,exemplar,lrns,0.9678,0.94,0.004,0.004,1,False
11,1.754637891163896,4.518986777871041,0.0014735153236495719,2.0000043888713304,0.20882468710140306,15,18,11.085264205932617,50,50,2000,4.conv2,5,MNIST_ConvNet,exemplar,lrns,0.9678,0.94,0.004,0.004,1,False
12,2.0380729294487536,4.60494011480127,0.001935756472507482,2.0000043888713304,0.20882468710140306,15,18,11.085264205932617,50,50,2000,4.conv2,5,MNIST_ConvNet,exemplar,lrns,0.9678,0.94,0.004,0.004,1,False
13,2.295897049949131,3.9667357544155526,0.005902287215737037,2.0000043888713304,0.20882468710140306,15,18,11.085264205932617,50,50,2000,4.conv2,5,MNIST_ConvNet,exemplar,lrns,0.9678,0.94,0.004,0.004,1,False
14,2.149709355302995,4.684111390598815,0.00204041475441145,2.0000043888713304,0.20882468710140306,15,18,11.085264205932617,50,50,2000,4.conv2,5,MNIST_ConvNet,exemplar,lrns,0.9678,0.94,0.004,0.004,1,False
15,2.544602716354987,4.433492156609692,0.0061509976821328164,2.0000043888713304,0.20882468710140306,15,18,11.085264205932617,50,50,2000,4.conv2,5,MNIST_ConvNet,exemplar,lrns,0.9678,0.94,0.004,0.004,1,False
16,1.8567674658446043,4.558769494343303,0.002551858451676435,2.0000043888713304,0.20882468710140306,15,18,11.085264205932617,50,50,2000,4.conv2,5,MNIST_ConvNet,exemplar,lrns,0.9678,0.94,0.004,0.004,1,False
17,2.4468286365613743,4.777589631309962,0.002239746609243889,2.0000043888713304,0.20882468710140306,15,18,11.085264205932617,50,50,2000,4.conv2,5,MNIST_ConvNet,exemplar,lrns,0.9678,0.94,0.004,0.004,1,False
18,2.2690394520887955,4.61755369861945,0.0014430321572409769,2.0000043888713304,0.20882468710140306,15,18,11.085264205932617,50,50,2000,4.conv2,5,MNIST_ConvNet,exemplar,lrns,0.9678,0.94,0.004,0.004,1,False
19,2.1301609533034065,4.15215143272747,0.00406429625904902,2.0000043888713304,0.20882468710140306,15,18,11.085264205932617,50,50,2000,4.conv2,5,MNIST_ConvNet,exemplar,lrns,0.9678,0.94,0.004,0.004,1,False
20,2.5572165811534227,4.432074861425244,0.001510636826973608,2.0000043888713304,0.20882468710140306,15,18,11.085264205932617,50,50,2000,4.conv2,5,MNIST_ConvNet,exemplar,lrns,0.9678,0.94,0.004,0.004,1,False
21,2.0668710108466395,4.877170099022381,0.002956413938348001,2.0000043888713304,0.20882468710140306,15,18,11.085264205932617,50,50,2000,4.conv2,5,MNIST_ConvNet,exemplar,lrns,0.9678,0.94,0.004,0.004,1,False
22,2.810322239176725,5.067011498882875,0.0020161976087681704,2.0000043888713304,0.20882468710140306,15,18,11.085264205932617,50,50,2000,4.conv2,5,MNIST_ConvNet,exemplar,lrns,0.9678,0.94,0.004,0.004,1,False
23,2.064306838172791,4.7834047887107936,0.0024582106339390924,2.0000043888713304,0.20882468710140306,15,18,11.085264205932617,50,50,2000,4.conv2,5,MNIST_ConvNet,exemplar,lrns,0.9678,0.94,0.004,0.004,1,False
24,1.351204677288552,4.3830012655316,0.002738074422110794,2.0000043888713304,0.20882468710140306,15,18,11.085264205932617,50,50,2000,4.conv2,5,MNIST_ConvNet,exemplar,lrns,0.9678,0.94,0.004,0.004,1,False
25,2.7835665199987774,4.162539777705366,0.003065528695847228,2.0000043888713304,0.20882468710140306,15,18,11.085264205932617,50,50,2000,4.conv2,5,MNIST_ConvNet,exemplar,lrns,0.9678,0.94,0.004,0.004,1,False
26,2.298866543550228,4.281599355997224,0.002982822891445093,2.0000043888713304,0.20882468710140306,15,18,11.085264205932617,50,50,2000,4.conv2,5,MNIST_ConvNet,exemplar,lrns,0.9678,0.94,0.004,0.004,1,False
27,2.798432321545232,4.943984018193743,0.005047685444246522,2.0000043888713304,0.20882468710140306,15,18,11.085264205932617,50,50,2000,4.conv2,5,MNIST_ConvNet,exemplar,lrns,0.9678,0.94,0.004,0.004,1,False
28,2.105031508583375,4.853565304955578,0.0027495782265187308,2.0000043888713304,0.20882468710140306,15,18,11.085264205932617,50,50,2000,4.conv2,5,MNIST_ConvNet,exemplar,lrns,0.9678,0.94,0.004,0.004,1,False
29,2.063330433210189,4.924575827091383,0.006343985872659446,2.0000043888713304,0.20882468710140306,15,18,11.085264205932617,50,50,2000,4.conv2,5,MNIST_ConvNet,exemplar,lrns,0.9678,0.94,0.004,0.004,1,False
30,2.213426908929129,4.965664183289202,0.002721572318455626,2.0000043888713304,0.20882468710140306,15,18,11.085264205932617,50,50,2000,4.conv2,5,MNIST_ConvNet,exemplar,lrns,0.9678,0.94,0.004,0.004,1,False
31,2.004686871811924,4.331628093416436,0.002955873686590638,2.0000043888713304,0.20882468710140306,15,18,11.085264205932617,50,50,2000,4.conv2,5,MNIST_ConvNet,exemplar,lrns,0.9678,0.94,0.004,0.004,1,False
32,1.6792293234022966,4.617275109552144,0.002053784091346195,2.0000043888713304,0.20882468710140306,15,18,11.085264205932617,50,50,2000,4.conv2,5,MNIST_ConvNet,exemplar,lrns,0.9678,0.94,0.004,0.004,1,False
33,3.214020008424803,4.608305482659091,0.002544787952396769,2.0000043888713304,0.20882468710140306,15,18,11.085264205932617,50,50,2000,4.conv2,5,MNIST_ConvNet,exemplar,lrns,0.9678,0.94,0.004,0.004,1,False
34,2.05536414694283,4.939221268033809,0.004361636815910976,2.0000043888713304,0.20882468710140306,15,18,11.085264205932617,50,50,2000,4.conv2,5,MNIST_ConvNet,exemplar,lrns,0.9678,0.94,0.004,0.004,1,False
35,1.350044521089765,4.346179366914863,0.0056118285975229835,2.0000043888713304,0.20882468710140306,15,18,11.085264205932617,50,50,2000,4.conv2,5,MNIST_ConvNet,exemplar,lrns,0.9678,0.94,0.004,0.004,1,False
36,1.623087966336425,4.593294604420621,0.0013584344919858869,2.0000043888713304,0.20882468710140306,15,18,11.085264205932617,50,50,2000,4.conv2,5,MNIST_ConvNet,exemplar,lrns,0.9678,0.94,0.004,0.004,1,False
37,2.2306217478985175,4.574469388539096,0.001791489078690476,2.0000043888713304,0.20882468710140306,15,18,11.085264205932617,50,50,2000,4.conv2,5,MNIST_ConvNet,exemplar,lrns,0.9678,0.94,0.004,0.004,1,False
38,1.886252604762727,4.932601166050395,0.0018868890054974524,2.0000043888713304,0.20882468710140306,15,18,11.085264205932617,50,50,2000,4.conv2,5,MNIST_ConvNet,exemplar,lrns,0.9678,0.94,0.004,0.004,1,False
39,2.1166066201767197,3.647399287283573,0.0033736459303094837,2.0000043888713304,0.20882468710140306,15,18,11.085264205932617,50,50,2000,4.conv2,5,MNIST_ConvNet,exemplar,lrns,0.9678,0.94,0.004,0.004,1,False
40,2.091286294344538,4.4003012336434555,0.003437937757404459,2.0000043888713304,0.20882468710140306,15,18,11.085264205932617,50,50,2000,4.conv2,5,MNIST_ConvNet,exemplar,lrns,0.9678,0.94,0.004,0.004,1,False
41,1.8377004036979034,4.344162679190679,0.001983781181763518,2.0000043888713304,0.20882468710140306,15,18,11.085264205932617,50,50,2000,4.conv2,5,MNIST_ConvNet,exemplar,lrns,0.9678,0.94,0.004,0.004,1,False
42,2.0114135669642788,4.593611717529987,0.0013337204192747443,2.0000043888713304,0.20882468710140306,15,18,11.085264205932617,50,50,2000,4.conv2,5,MNIST_ConvNet,exemplar,lrns,0.9678,0.94,0.004,0.004,1,False
43,2.5224701168209798,4.396642751538058,0.004700887343033979,2.0000043888713304,0.20882468710140306,15,18,11.085264205932617,50,50,2000,4.conv2,5,MNIST_ConvNet,exemplar,lrns,0.9678,0.94,0.004,0.004,1,False
44,2.2532553157950916,3.4074865234318743,0.0035406776916351947,2.0000043888713304,0.20882468710140306,15,18,11.085264205932617,50,50,2000,4.conv2,5,MNIST_ConvNet,exemplar,lrns,0.9678,0.94,0.004,0.004,1,False
45,1.804660212175304,5.1735966360630155,0.002942785272682588,2.0000043888713304,0.20882468710140306,15,18,11.085264205932617,50,50,2000,4.conv2,5,MNIST_ConvNet,exemplar,lrns,0.9678,0.94,0.004,0.004,1,False
46,1.8735556945555891,4.239360162518276,0.0019327789513135095,2.0000043888713304,0.20882468710140306,15,18,11.085264205932617,50,50,2000,4.conv2,5,MNIST_ConvNet,exemplar,lrns,0.9678,0.94,0.004,0.004,1,False
47,2.3318399073256937,4.702462134780859,0.0025795902086627963,2.0000043888713304,0.20882468710140306,15,18,11.085264205932617,50,50,2000,4.conv2,5,MNIST_ConvNet,exemplar,lrns,0.9678,0.94,0.004,0.004,1,False
48,1.548817234910236,4.479513551710204,0.0034150969091480492,2.0000043888713304,0.20882468710140306,15,18,11.085264205932617,50,50,2000,4.conv2,5,MNIST_ConvNet,exemplar,lrns,0.9678,0.94,0.004,0.004,1,False
49,1.5639466835748763,4.726469147294139,0.002422712815774787,2.0000043888713304,0.20882468710140306,15,18,11.085264205932617,50,50,2000,4.conv2,5,MNIST_ConvNet,exemplar,lrns,0.9678,0.94,0.004,0.004,1,False
0,1.7333367673178703,4.462938075402517,0.0034108403844782024,1.9982607722028272,0.1569100267059949,13,25,16.442012786865234,50,50,2000,5.norm,5,MNIST_ConvNet,exemplar,lrns,0.9678,0.94,0.004,0.004,1,False
1,2.0629556628319974,4.92954759300038,0.0020716461146419963,1.9982607722028272,0.1569100267059949,13,25,16.442012786865234,50,50,2000,5.norm,5,MNIST_ConvNet,exemplar,lrns,0.9678,0.94,0.004,0.004,1,False
2,1.8140030609613769,4.559175627445912,0.004468571696440955,1.9982607722028272,0.1569100267059949,13,25,16.442012786865234,50,50,2000,5.norm,5,MNIST_ConvNet,exemplar,lrns,0.9678,0.94,0.004,0.004,1,False
3,2.5523430242824863,4.611365649323536,0.009621566173687866,1.9982607722028272,0.1569100267059949,13,25,16.442012786865234,50,50,2000,5.norm,5,MNIST_ConvNet,exemplar,lrns,0.9678,0.94,0.004,0.004,1,False
4,2.6917475043894283,4.72472676211144,0.004277073699672355,1.9982607722028272,0.1569100267059949,13,25,16.442012786865234,50,50,2000,5.norm,5,MNIST_ConvNet,exemplar,lrns,0.9678,0.94,0.004,0.004,1,False
5,2.3662220977154016,4.2556816949336,0.0029718074784005847,1.9982607722028272,0.1569100267059949,13,25,16.442012786865234,50,50,2000,5.norm,5,MNIST_ConvNet,exemplar,lrns,0.9678,0.94,0.004,0.004,1,False
6,2.4017558770196374,4.755193513594873,0.0023336009554310896,1.9982607722028272,0.1569100267059949,13,25,16.442012786865234,50,50,2000,5.norm,5,MNIST_ConvNet,exemplar,lrns,0.9678,0.94,0.004,0.004,1,False
7,1.541503144818174,4.7649298763677965,0.00228685869183263,1.9982607722028272,0.1569100267059949,13,25,16.442012786865234,50,50,2000,5.norm,5,MNIST_ConvNet,exemplar,lrns,0.9678,0.94,0.004,0.004,1,False
8,2.0929850114271273,4.672718789198103,0.001932513339100963,1.9982607722028272,0.1569100267059949,13,25,16.442012786865234,50,50,2000,5.norm,5,MNIST_ConvNet,exemplar,lrns,0.9678,0.94,0.004,0.004,1,False
9,1.794221367989209,4.749249910475912,0.0029329282903838992,1.9982607722028272,0.1569100267059949,13,25,16.442012786865234,50,50,2000,5.norm,5,MNIST_ConvNet,exemplar,lrns,0.9678,0.94,0.004,0.004,1,False
10,2.4065717008462553,3.3322633217677393,0.018046220042990647,1.9982607722028272,0.1569100267059949,13,25,16.442012786865234,50,50,2000,5.norm,5,MNIST_ConvNet,exemplar,lrns,0.9678,0.94,0.004,0.004,1,False
11,2.2965246724171844,4.5920896182465425,0.0017322791470900075,1.9982607722028272,0.1569100267059949,13,25,16.442012786865234,50,50,2000,5.norm,5,MNIST_ConvNet,exemplar,lrns,0.9678,0.94,0.004,0.004,1,False
12,1.9633684084459473,4.163211815043992,0.003310992655833032,1.9982607722028272,0.1569100267059949,13,25,16.442012786865234,50,50,2000,5.norm,5,MNIST_ConvNet,exemplar,lrns,0.9678,0.94,0.004,0.004,1,False
13,1.3955590312089796,4.032389201744696,0.004014767674812444,1.9982607722028272,0.1569100267059949,13,25,16.442012786865234,50,50,2000,5.norm,5,MNIST_ConvNet,exemplar,lrns,0.9678,0.94,0.004,0.004,1,False
14,3.378896817450866,4.893329438246781,0.0019877478624965085,1.9982607722028272,0.1569100267059949,13,25,16.442012786865234,50,50,2000,5.norm,5,MNIST_ConvNet,exemplar,lrns,0.9678,0.94,0.004,0.004,1,False
15,1.9536383220900546,4.466388951566297,0.005701440601677733,1.9982607722028272,0.1569100267059949,13,25,16.442012786865234,50,50,2000,5.norm,5,MNIST_ConvNet,exemplar,lrns,0.9678,0.94,0.004,0.004,1,False
16,2.8212318515282213,4.615034873337215,0.003064238087550115,1.9982607722028272,0.1569100267059949,13,25,16.442012786865234,50,50,2000,5.norm,5,MNIST_ConvNet,exemplar,lrns,0.9678,0.94,0.004,0.004,1,False
17,1.872111308773487,4.383413677366022,0.0022616272960449147,1.9982607722028272,0.1569100267059949,13,25,16.442012786865234,50,50,2000,5.norm,5,MNIST_ConvNet,exemplar,lrns,0.9678,0.94,0.004,0.004,1,False
18,1.9718848765007868,4.195503193171938,0.0017335993675004768,1.9982607722028272,0.1569100267059949,13,25,16.442012786865234,50,50,2000,5.norm,5,MNIST_ConvNet,exemplar,lrns,0.9678,0.94,0.004,0.004,1,False
19,2.2570006077540254,4.298974230160117,0.004104137406989175,1.9982607722028272,0.1569100267059949,13,25,16.442012786865234,50,50,2000,5.norm,5,MNIST_ConvNet,exemplar,lrns,0.9678,0.94,0.004,0.004,1,False
20,3.1601789046915134,4.462579682276713,0.0017953437377156351,1.9982607722028272,0.1569100267059949,13,25,16.442012786865234,50,50,2000,5.norm,5,MNIST_ConvNet,exemplar,lrns,0.9678,0.94,0.004,0.004,1,False
21,2.848837464611458,5.026863722102156,0.0037592111756749253,1.9982607722028272,0.1569100267059949,13,25,16.442012786865234,50,50,2000,5.norm,5,MNIST_ConvNet,exemplar,lrns,0.9678,0.94,0.004,0.004,1,False
22,1.7783923235505632,4.7056498881505915,0.002311239873266476,1.9982607722028272,0.1569100267059949,13,25,16.442012786865234,50,50,2000,5.norm,5,MNIST_ConvNet,exemplar,lrns,0.9678,0.94,0.004,0.004,1,False
23,1.585594678915759,4.917934689598776,0.005126924052826939,1.9982607722028272,0.1569100267059949,13,25,16.442012786865234,50,50,2000,5.norm,5,MNIST_ConvNet,exemplar,lrns,0.9678,0.94,0.004,0.004,1,False
24,1.9809627604686126,4.673250106218918,0.002974229029886306,1.9982607722028272,0.1569100267059949,13,25,16.442012786865234,50,50,2000,5.norm,5,MNIST_ConvNet,exemplar,lrns,0.9678,0.94,0.004,0.004,1,False
25,1.821367524394688,4.1585048748356,0.0043310484149044195,1.9982607722028272,0.1569100267059949,13,25,16.442012786865234,50,50,2000,5.norm,5,MNIST_ConvNet,exemplar,lrns,0.9678,0.94,0.004,0.004,1,False
26,1.8508423453539449,4.260342846171507,0.003663633032974899,1.9982607722028272,0.1569100267059949,13,25,16.442012786865234,50,50,2000,5.norm,5,MNIST_ConvNet,exemplar,lrns,0.9678,0.94,0.004,0.004,1,False
27,2.2452285733805226,4.677464577398421,0.0039018825853005127,1.9982607722028272,0.1569100267059949,13,25,16.442012786865234,50,50,2000,5.norm,5,MNIST_ConvNet,exemplar,lrns,0.9678,0.94,0.004,0.004,1,False
28,2.1392388351688267,4.228601550761704,0.002922948325586773,1.9982607722028272,0.1569100267059949,13,25,16.442012786865234,50,50,2000,5.norm,5,MNIST_ConvNet,exemplar,lrns,0.9678,0.94,0.004,0.004,1,False
29,2.6692069953919506,4.36976005831405,0.004734223833153949,1.9982607722028272,0.1569100267059949,13,25,16.442012786865234,50,50,2000,5.norm,5,MNIST_ConvNet,exemplar,lrns,0.9678,0.94,0.004,0.004,1,False
30,2.0418995383943312,4.019945746063598,0.003005095072864592,1.9982607722028272,0.1569100267059949,13,25,16.442012786865234,50,50,2000,5.norm,5,MNIST_ConvNet,exemplar,lrns,0.9678,0.94,0.004,0.004,1,False
31,1.7468657844432995,4.509545309743979,0.006694760080325783,1.9982607722028272,0.1569100267059949,13,25,16.442012786865234,50,50,2000,5.norm,5,MNIST_ConvNet,exemplar,lrns,0.9678,0.94,0.004,0.004,1,False
32,2.2048430506446333,4.685195092368077,0.0021060825914176345,1.9982607722028272,0.1569100267059949,13,25,16.442012786865234,50,50,2000,5.norm,5,MNIST_ConvNet,exemplar,lrns,0.9678,0.94,0.004,0.004,1,False
33,1.645633177679098,4.3541147963594335,0.0030749599620514363,1.9982607722028272,0.1569100267059949,13,25,16.442012786865234,50,50,2000,5.norm,5,MNIST_ConvNet,exemplar,lrns,0.9678,0.94,0.004,0.004,1,False
34,1.8435657676690762,4.5867646122966566,0.002282368789429776,1.9982607722028272,0.1569100267059949,13,25,16.442012786865234,50,50,2000,5.norm,5,MNIST_ConvNet,exemplar,lrns,0.9678,0.94,0.004,0.004,1,False
35,1.7394162173877694,4.222899113301747,0.004797089141389539,1.9982607722028272,0.1569100267059949,13,25,16.442012786865234,50,50,2000,5.norm,5,MNIST_ConvNet,exemplar,lrns,0.9678,0.94,0.004,0.004,1,False
36,1.5925455929716505,4.9494505578201835,0.0018651638124822067,1.9982607722028272,0.1569100267059949,13,25,16.442012786865234,50,50,2000,5.norm,5,MNIST_ConvNet,exemplar,lrns,0.9678,0.94,0.004,0.004,1,False
37,1.6142500468691534,4.400701299275586,0.0020830854984274973,1.9982607722028272,0.1569100267059949,13,25,16.442012786865234,50,50,2000,5.norm,5,MNIST_ConvNet,exemplar,lrns,0.9678,0.94,0.004,0.004,1,False
38,2.150952422759138,4.678600693005222,0.0020450060157932827,1.9982607722028272,0.1569100267059949,13,25,16.442012786865234,50,50,2000,5.norm,5,MNIST_ConvNet,exemplar,lrns,0.9678,0.94,0.004,0.004,1,False
39,2.0777406486889416,3.41803631240142,0.00423377327768611,1.9982607722028272,0.1569100267059949,13,25,16.442012786865234,50,50,2000,5.norm,5,MNIST_ConvNet,exemplar,lrns,0.9678,0.94,0.004,0.004,1,False
40,1.5454785905675068,4.584837305563257,0.004089996537967996,1.9982607722028272,0.1569100267059949,13,25,16.442012786865234,50,50,2000,5.norm,5,MNIST_ConvNet,exemplar,lrns,0.9678,0.94,0.004,0.004,1,False
41,1.5766955725869523,4.187991374915062,0.00211562285729561,1.9982607722028272,0.1569100267059949,13,25,16.442012786865234,50,50,2000,5.norm,5,MNIST_ConvNet,exemplar,lrns,0.9678,0.94,0.004,0.004,1,False
42,1.8625151360504024,4.208710554281186,0.0018204649088818577,1.9982607722028272,0.1569100267059949,13,25,16.442012786865234,50,50,2000,5.norm,5,MNIST_ConvNet,exemplar,lrns,0.9678,0.94,0.004,0.004,1,False
43,1.5474102604011377,4.528869171386341,0.003872049537340958,1.9982607722028272,0.1569100267059949,13,25,16.442012786865234,50,50,2000,5.norm,5,MNIST_ConvNet,exemplar,lrns,0.9678,0.94,0.004,0.004,1,False
44,1.7461504986127863,2.9070927764723717,0.006565229246664684,1.9982607722028272,0.1569100267059949,13,25,16.442012786865234,50,50,2000,5.norm,5,MNIST_ConvNet,exemplar,lrns,0.9678,0.94,0.004,0.004,1,False
45,2.724172906396147,4.579630359817394,0.003631282660671292,1.9982607722028272,0.1569100267059949,13,25,16.442012786865234,50,50,2000,5.norm,5,MNIST_ConvNet,exemplar,lrns,0.9678,0.94,0.004,0.004,1,False
46,1.9311921330903936,4.317002037749225,0.0025369550781294448,1.9982607722028272,0.1569100267059949,13,25,16.442012786865234,50,50,2000,5.norm,5,MNIST_ConvNet,exemplar,lrns,0.9678,0.94,0.004,0.004,1,False
47,2.1124443989553168,4.717483505713507,0.003051907455974525,1.9982607722028272,0.1569100267059949,13,25,16.442012786865234,50,50,2000,5.norm,5,MNIST_ConvNet,exemplar,lrns,0.9678,0.94,0.004,0.004,1,False
48,2.1427144662897755,4.100877579276472,0.009083553109661031,1.9982607722028272,0.1569100267059949,13,25,16.442012786865234,50,50,2000,5.norm,5,MNIST_ConvNet,exemplar,lrns,0.9678,0.94,0.004,0.004,1,False
49,2.7724567882018682,4.872501433643936,0.002659209524959483,1.9982607722028272,0.1569100267059949,13,25,16.442012786865234,50,50,2000,5.norm,5,MNIST_ConvNet,exemplar,lrns,0.9678,0.94,0.004,0.004,1,False
0,1.8949998428847137,4.839845876175639,0.0047194349027029694,1.9457053228860404,0.13893651845503827,10,29,19.039508819580078,50,50,2000,6.relu,5,MNIST_ConvNet,exemplar,lrns,0.9678,0.94,0.004,0.004,1,False
1,1.6293740037621245,4.949284277412099,0.002257426218779867,1.9457053228860404,0.13893651845503827,10,29,19.039508819580078,50,50,2000,6.relu,5,MNIST_ConvNet,exemplar,lrns,0.9678,0.94,0.004,0.004,1,False
2,2.0010845817874987,4.8288804850516085,0.0027549904636129372,1.9457053228860404,0.13893651845503827,10,29,19.039508819580078,50,50,2000,6.relu,5,MNIST_ConvNet,exemplar,lrns,0.9678,0.94,0.004,0.004,1,False
3,2.7815952168750506,4.491026145889144,0.0025572318179877974,1.9457053228860404,0.13893651845503827,10,29,19.039508819580078,50,50,2000,6.relu,5,MNIST_ConvNet,exemplar,lrns,0.9678,0.94,0.004,0.004,1,False
4,1.6888842775680848,4.711231195729713,0.00408384884763095,1.9457053228860404,0.13893651845503827,10,29,19.039508819580078,50,50,2000,6.relu,5,MNIST_ConvNet,exemplar,lrns,0.9678,0.94,0.004,0.004,1,False
5,1.4550312841368889,4.434477706646285,0.0023803091636514103,1.9457053228860404,0.13893651845503827,10,29,19.039508819580078,50,50,2000,6.relu,5,MNIST_ConvNet,exemplar,lrns,0.9678,0.94,0.004,0.004,1,False
6,1.9254417483801498,4.681311121951765,0.0023182629428329235,1.9457053228860404,0.13893651845503827,10,29,19.039508819580078,50,50,2000,6.relu,5,MNIST_ConvNet,exemplar,lrns,0.9678,0.94,0.004,0.004,1,False
7,1.6602037434484904,4.7295482324026,0.0024567221947047876,1.9457053228860404,0.13893651845503827,10,29,19.039508819580078,50,50,2000,6.relu,5,MNIST_ConvNet,exemplar,lrns,0.9678,0.94,0.004,0.004,1,False
8,2.3260208481676505,4.856576443578842,0.0018451903762900785,1.9457053228860404,0.13893651845503827,10,29,19.039508819580078,50,50,2000,6.relu,5,MNIST_ConvNet,exemplar,lrns,0.9678,0.94,0.004,0.004,1,False
9,2.2049547172388584,4.915794417463115,0.002281093956874542,1.9457053228860404,0.13893651845503827,10,29,19.039508819580078,50,50,2000,6.relu,5,MNIST_ConvNet,exemplar,lrns,0.9678,0.94,0.004,0.004,1,False
10,2.1391596601411864,3.7473617210156935,0.00454014840519157,1.9457053228860404,0.13893651845503827,10,29,19.039508819580078,50,50,2000,6.relu,5,MNIST_ConvNet,exemplar,lrns,0.9678,0.94,0.004,0.004,1,False
11,1.6805413838293277,4.819605808617009,0.002181323561988587,1.9457053228860404,0.13893651845503827,10,29,19.039508819580078,50,50,2000,6.relu,5,MNIST_ConvNet,exemplar,lrns,0.9678,0.94,0.004,0.004,1,False
12,3.556922622161312,4.572221479380788,0.003503440461007779,1.9457053228860404,0.13893651845503827,10,29,19.039508819580078,50,50,2000,6.relu,5,MNIST_ConvNet,exemplar,lrns,0.9678,0.94,0.004,0.004,1,False
13,1.4023814841961397,4.101736262248909,0.002498125581252887,1.9457053228860404,0.13893651845503827,10,29,19.039508819580078,50,50,2000,6.relu,5,MNIST_ConvNet,exemplar,lrns,0.9678,0.94,0.004,0.004,1,False
14,3.085479452605395,4.838562565155657,0.0020724878025607913,1.9457053228860404,0.13893651845503827,10,29,19.039508819580078,50,50,2000,6.relu,5,MNIST_ConvNet,exemplar,lrns,0.9678,0.94,0.004,0.004,1,False
15,1.7440196260491758,4.448912365599597,0.0031491058047427075,1.9457053228860404,0.13893651845503827,10,29,19.039508819580078,50,50,2000,6.relu,5,MNIST_ConvNet,exemplar,lrns,0.9678,0.94,0.004,0.004,1,False
16,2.571428887030688,4.5495814073311776,0.0032919214789401906,1.9457053228860404,0.13893651845503827,10,29,19.039508819580078,50,50,2000,6.relu,5,MNIST_ConvNet,exemplar,lrns,0.9678,0.94,0.004,0.004,1,False
17,2.2070961667095697,4.24278971402359,0.002186997997863423,1.9457053228860404,0.13893651845503827,10,29,19.039508819580078,50,50,2000,6.relu,5,MNIST_ConvNet,exemplar,lrns,0.9678,0.94,0.004,0.004,1,False
18,1.8131230490864088,4.708860714957859,0.0019717709840889083,1.9457053228860404,0.13893651845503827,10,29,19.039508819580078,50,50,2000,6.relu,5,MNIST_ConvNet,exemplar,lrns,0.9678,0.94,0.004,0.004,1,False
19,2.3928558575325733,4.294242552369472,0.0044544624943312705,1.9457053228860404,0.13893651845503827,10,29,19.039508819580078,50,50,2000,6.relu,5,MNIST_ConvNet,exemplar,lrns,0.9678,0.94,0.004,0.004,1,False
20,2.0495612483146366,4.38170269768828,0.0017352851963009248,1.9457053228860404,0.13893651845503827,10,29,19.039508819580078,50,50,2000,6.relu,5,MNIST_ConvNet,exemplar,lrns,0.9678,0.94,0.004,0.004,1,False
21,3.112896073557216,4.623388144819223,0.0031855363741327756,1.9457053228860404,0.13893651845503827,10,29,19.039508819580078,50,50,2000,6.relu,5,MNIST_ConvNet,exemplar,lrns,0.9678,0.94,0.004,0.004,1,False
22,1.9287356530327235,5.181734485380266,0.004105878676886018,1.9457053228860404,0.13893651845503827,10,29,19.039508819580078,50,50,2000,6.relu,5,MNIST_ConvNet,exemplar,lrns,0.9678,0.94,0.004,0.004,1,False
23,2.054659871423807,4.535258701156359,0.001611271554993891,1.9457053228860404,0.13893651845503827,10,29,19.039508819580078,50,50,2000,6.relu,5,MNIST_ConvNet,exemplar,lrns,0.9678,0.94,0.004,0.004,1,False
24,1.7111845010958122,4.730799012617591,0.002335176715056073,1.9457053228860404,0.13893651845503827,10,29,19.039508819580078,50,50,2000,6.relu,5,MNIST_ConvNet,exemplar,lrns,0.9678,0.94,0.004,0.004,1,False
25,1.975188432199208,4.194406638032304,0.003477877343693415,1.9457053228860404,0.13893651845503827,10,29,19.039508819580078,50,50,2000,6.relu,5,MNIST_ConvNet,exemplar,lrns,0.9678,0.94,0.004,0.004,1,False
26,3.076398629584393,3.9465436306360053,0.0034920632814808214,1.9457053228860404,0.13893651845503827,10,29,19.039508819580078,50,50,2000,6.relu,5,MNIST_ConvNet,exemplar,lrns,0.9678,0.94,0.004,0.004,1,False
27,2.37851257226752,4.777853052433148,0.002417997963297327,1.9457053228860404,0.13893651845503827,10,29,19.039508819580078,50,50,2000,6.relu,5,MNIST_ConvNet,exemplar,lrns,0.9678,0.94,0.004,0.004,1,False
28,2.8846590131428145,4.458515111222485,0.0022127361765491333,1.9457053228860404,0.13893651845503827,10,29,19.039508819580078,50,50,2000,6.relu,5,MNIST_ConvNet,exemplar,lrns,0.9678,0.94,0.004,0.004,1,False
29,1.9051820592310713,4.407971886319057,0.0020398020665148707,1.9457053228860404,0.13893651845503827,10,29,19.039508819580078,50,50,2000,6.relu,5,MNIST_ConvNet,exemplar,lrns,0.9678,0.94,0.004,0.004,1,False
30,1.7731257633593835,4.21082736834092,0.0035145710440457213,1.9457053228860404,0.13893651845503827,10,29,19.039508819580078,50,50,2000,6.relu,5,MNIST_ConvNet,exemplar,lrns,0.9678,0.94,0.004,0.004,1,False
31,2.4110369076388363,4.724170373023217,0.0021070022332860556,1.9457053228860404,0.13893651845503827,10,29,19.039508819580078,50,50,2000,6.relu,5,MNIST_ConvNet,exemplar,lrns,0.9678,0.94,0.004,0.004,1,False
32,2.9205117612649856,4.669678749746656,0.00216879356996706,1.9457053228860404,0.13893651845503827,10,29,19.039508819580078,50,50,2000,6.relu,5,MNIST_ConvNet,exemplar,lrns,0.9678,0.94,0.004,0.004,1,False
33,1.6757912417320404,4.4044881574622865,0.004265133624188101,1.9457053228860404,0.13893651845503827,10,29,19.039508819580078,50,50,2000,6.relu,5,MNIST_ConvNet,exemplar,lrns,0.9678,0.94,0.004,0.004,1,False
34,1.4352665196315144,4.929493870686006,0.0030118453049584703,1.9457053228860404,0.13893651845503827,10,29,19.039508819580078,50,50,2000,6.relu,5,MNIST_ConvNet,exemplar,lrns,0.9678,0.94,0.004,0.004,1,False
35,1.5578244171746476,4.225990215947783,0.0027298023329930384,1.9457053228860404,0.13893651845503827,10,29,19.039508819580078,50,50,2000,6.relu,5,MNIST_ConvNet,exemplar,lrns,0.9678,0.94,0.004,0.004,1,False
36,2.0806356403183135,4.743941095239795,0.002163750927993274,1.9457053228860404,0.13893651845503827,10,29,19.039508819580078,50,50,2000,6.relu,5,MNIST_ConvNet,exemplar,lrns,0.9678,0.94,0.004,0.004,1,False
37,1.135568524881895,4.352715474561265,0.002107503272293729,1.9457053228860404,0.13893651845503827,10,29,19.039508819580078,50,50,2000,6.relu,5,MNIST_ConvNet,exemplar,lrns,0.9678,0.94,0.004,0.004,1,False
38,2.016029878441919,4.734239954189774,0.0022125241551265483,1.9457053228860404,0.13893651845503827,10,29,19.039508819580078,50,50,2000,6.relu,5,MNIST_ConvNet,exemplar,lrns,0.9678,0.94,0.004,0.004,1,False
39,2.9735124825999897,3.4785718582893295,0.004076879625536389,1.9457053228860404,0.13893651845503827,10,29,19.039508819580078,50,50,2000,6.relu,5,MNIST_ConvNet,exemplar,lrns,0.9678,0.94,0.004,0.004,1,False
40,1.4768197435474186,4.23301151812078,0.005480533133146715,1.9457053228860404,0.13893651845503827,10,29,19.039508819580078,50,50,2000,6.relu,5,MNIST_ConvNet,exemplar,lrns,0.9678,0.94,0.004,0.004,1,False
41,1.5917179331490958,4.012781313273414,0.0021432923773041577,1.9457053228860404,0.13893651845503827,10,29,19.039508819580078,50,50,2000,6.relu,5,MNIST_ConvNet,exemplar,lrns,0.9678,0.94,0.004,0.004,1,False
42,2.4928016618060704,4.337487631785098,0.0018384801105084693,1.9457053228860404,0.13893651845503827,10,29,19.039508819580078,50,50,2000,6.relu,5,MNIST_ConvNet,exemplar,lrns,0.9678,0.94,0.004,0.004,1,False
43,2.108719190026745,4.7017431453751515,0.0019193996617907993,1.9457053228860404,0.13893651845503827,10,29,19.039508819580078,50,50,2000,6.relu,5,MNIST_ConvNet,exemplar,lrns,0.9678,0.94,0.004,0.004,1,False
44,3.399288093249903,3.9535845969974046,0.0035086028357377403,1.9457053228860404,0.13893651845503827,10,29,19.039508819580078,50,50,2000,6.relu,5,MNIST_ConvNet,exemplar,lrns,0.9678,0.94,0.004,0.004,1,False
45,1.8517083203075289,4.7108465080908655,0.003462138107602575,1.9457053228860404,0.13893651845503827,10,29,19.039508819580078,50,50,2000,6.relu,5,MNIST_ConvNet,exemplar,lrns,0.9678,0.94,0.004,0.004,1,False
46,1.4205217784166717,4.6398863522299845,0.0032043597773941295,1.9457053228860404,0.13893651845503827,10,29,19.039508819580078,50,50,2000,6.relu,5,MNIST_ConvNet,exemplar,lrns,0.9678,0.94,0.004,0.004,1,False
47,1.7977122610086989,4.495218746458933,0.002841228432046354,1.9457053228860404,0.13893651845503827,10,29,19.039508819580078,50,50,2000,6.relu,5,MNIST_ConvNet,exemplar,lrns,0.9678,0.94,0.004,0.004,1,False
48,1.46637945869608,3.4525586756819653,0.0020005654317012895,1.9457053228860404,0.13893651845503827,10,29,19.039508819580078,50,50,2000,6.relu,5,MNIST_ConvNet,exemplar,lrns,0.9678,0.94,0.004,0.004,1,False
49,1.3937134379029386,4.530810646934555,0.0029119187807217207,1.9457053228860404,0.13893651845503827,10,29,19.039508819580078,50,50,2000,6.relu,5,MNIST_ConvNet,exemplar,lrns,0.9678,0.94,0.004,0.004,1,False
0,2.8174674686376657,2.953789655962397,0.0017695671822481262,1.9699037834852324,0.3778772221779337,3,5,4.286864757537842,50,50,10,7.linear,5,MNIST_ConvNet,exemplar,lrns,0.9678,0.94,0.004,0.004,1,False
1,1.4592851932677549,2.8347231059861504,0.00163118141193071,1.9699037834852324,0.3778772221779337,3,5,4.286864757537842,50,50,10,7.linear,5,MNIST_ConvNet,exemplar,lrns,0.9678,0.94,0.004,0.004,1,False
2,2.340371124855419,3.1455295626199167,0.0006197414684329063,1.9699037834852324,0.3778772221779337,3,5,4.286864757537842,50,50,10,7.linear,5,MNIST_ConvNet,exemplar,lrns,0.9678,0.94,0.004,0.004,1,False
3,1.9077642055457533,2.984333223490168,0.001253106304552011,1.9699037834852324,0.3778772221779337,3,5,4.286864757537842,50,50,10,7.linear,5,MNIST_ConvNet,exemplar,lrns,0.9678,0.94,0.004,0.004,1,False
4,2.079849829167785,2.5924038538144734,0.0036296969080497963,1.9699037834852324,0.3778772221779337,3,5,4.286864757537842,50,50,10,7.linear,5,MNIST_ConvNet,exemplar,lrns,0.9678,0.94,0.004,0.004,1,False
5,5.154658077586092,3.095538378061506,0.0010379683318048065,1.9699037834852324,0.3778772221779337,3,5,4.286864757537842,50,50,10,7.linear,5,MNIST_ConvNet,exemplar,lrns,0.9678,0.94,0.004,0.004,1,False
6,1.988877581030438,2.7695276637158783,0.0010538334341644179,1.9699037834852324,0.3778772221779337,3,5,4.286864757537842,50,50,10,7.linear,5,MNIST_ConvNet,exemplar,lrns,0.9678,0.94,0.004,0.004,1,False
7,1.4382938605680395,3.1475916719015578,0.0009254920011766095,1.9699037834852324,0.3778772221779337,3,5,4.286864757537842,50,50,10,7.linear,5,MNIST_ConvNet,exemplar,lrns,0.9678,0.94,0.004,0.004,1,False
8,2.3786247998655523,2.6874935464738186,0.0007591144551634262,1.9699037834852324,0.3778772221779337,3,5,4.286864757537842,50,50,10,7.linear,5,MNIST_ConvNet,exemplar,lrns,0.9678,0.94,0.004,0.004,1,False
9,1.7496868653168078,2.3956101074044556,0.0018058611291462217,1.9699037834852324,0.3778772221779337,3,5,4.286864757537842,50,50,10,7.linear,5,MNIST_ConvNet,exemplar,lrns,0.9678,0.94,0.004,0.004,1,False
10,2.5783809716311032,2.468280611495058,0.0017062179355466069,1.9699037834852324,0.3778772221779337,3,5,4.286864757537842,50,50,10,7.linear,5,MNIST_ConvNet,exemplar,lrns,0.9678,0.94,0.004,0.004,1,False
11,1.2179451587332988,2.7771653464067447,0.0006958786584766671,1.9699037834852324,0.3778772221779337,3,5,4.286864757537842,50,50,10,7.linear,5,MNIST_ConvNet,exemplar,lrns,0.9678,0.94,0.004,0.004,1,False
12,1.8189916668236628,2.8363825269086567,0.00174863015887534,1.9699037834852324,0.3778772221779337,3,5,4.286864757537842,50,50,10,7.linear,5,MNIST_ConvNet,exemplar,lrns,0.9678,0.94,0.004,0.004,1,False
13,1.983634873903327,2.653122429194333,0.0011682593618842925,1.9699037834852324,0.3778772221779337,3,5,4.286864757537842,50,50,10,7.linear,5,MNIST_ConvNet,exemplar,lrns,0.9678,0.94,0.004,0.004,1,False
14,1.659576479340092,3.0658309940846253,0.0007999139168037925,1.9699037834852324,0.3778772221779337,3,5,4.286864757537842,50,50,10,7.linear,5,MNIST_ConvNet,exemplar,lrns,0.9678,0.94,0.004,0.004,1,False
15,2.1940913310931345,2.844522071668582,0.001802089061012096,1.9699037834852324,0.3778772221779337,3,5,4.286864757537842,50,50,10,7.linear,5,MNIST_ConvNet,exemplar,lrns,0.9678,0.94,0.004,0.004,1,False
16,1.4326734622881172,2.5248845423242248,0.0013469902366459957,1.9699037834852324,0.3778772221779337,3,5,4.286864757537842,50,50,10,7.linear,5,MNIST_ConvNet,exemplar,lrns,0.9678,0.94,0.004,0.004,1,False
17,2.1765721573568992,2.342075411543292,0.0012651075898308865,1.9699037834852324,0.3778772221779337,3,5,4.286864757537842,50,50,10,7.linear,5,MNIST_ConvNet,exemplar,lrns,0.9678,0.94,0.004,0.004,1,False
18,1.9349372468736434,2.7464645516922155,0.0010009375904653404,1.9699037834852324,0.3778772221779337,3,5,4.286864757537842,50,50,10,7.linear,5,MNIST_ConvNet,exemplar,lrns,0.9678,0.94,0.004,0.004,1,False
19,1.5919559171383377,2.896531132521305,0.0023547296078116732,1.9699037834852324,0.3778772221779337,3,5,4.286864757537842,50,50,10,7.linear,5,MNIST_ConvNet,exemplar,lrns,0.9678,0.94,0.004,0.004,1,False
20,1.7435311693037057,3.1568877782631564,0.000954831531645608,1.9699037834852324,0.3778772221779337,3,5,4.286864757537842,50,50,10,7.linear,5,MNIST_ConvNet,exemplar,lrns,0.9678,0.94,0.004,0.004,1,False
21,1.7573273062336623,2.527539256780169,0.004781120720885245,1.9699037834852324,0.3778772221779337,3,5,4.286864757537842,50,50,10,7.linear,5,MNIST_ConvNet,exemplar,lrns,0.9678,0.94,0.004,0.004,1,False
22,2.61573594786511,2.611198936373376,0.002392903620965503,1.9699037834852324,0.3778772221779337,3,5,4.286864757537842,50,50,10,7.linear,5,MNIST_ConvNet,exemplar,lrns,0.9678,0.94,0.004,0.004,1,False
23,1.8713363400186827,3.046481212462306,0.0006724089027807187,1.9699037834852324,0.3778772221779337,3,5,4.286864757537842,50,50,10,7.linear,5,MNIST_ConvNet,exemplar,lrns,0.9678,0.94,0.004,0.004,1,False
24,2.234714280605722,2.463075542894568,0.0012686420345552837,1.9699037834852324,0.3778772221779337,3,5,4.286864757537842,50,50,10,7.linear,5,MNIST_ConvNet,exemplar,lrns,0.9678,0.94,0.004,0.004,1,False
25,1.8544366953826164,2.519706912872522,0.001984378007141827,1.9699037834852324,0.3778772221779337,3,5,4.286864757537842,50,50,10,7.linear,5,MNIST_ConvNet,exemplar,lrns,0.9678,0.94,0.004,0.004,1,False
26,2.132687663510661,2.475001323614574,0.0014127302569178501,1.9699037834852324,0.3778772221779337,3,5,4.286864757537842,50,50,10,7.linear,5,MNIST_ConvNet,exemplar,lrns,0.9678,0.94,0.004,0.004,1,False
27,2.339243480442659,2.7602456934927706,0.0024077784984763094,1.9699037834852324,0.3778772221779337,3,5,4.286864757537842,50,50,10,7.linear,5,MNIST_ConvNet,exemplar,lrns,0.9678,0.94,0.004,0.004,1,False
28,2.2731105449802955,2.499636931018818,0.002309073793550557,1.9699037834852324,0.3778772221779337,3,5,4.286864757537842,50,50,10,7.linear,5,MNIST_ConvNet,exemplar,lrns,0.9678,0.94,0.004,0.004,1,False
29,1.8151268933657436,2.899323880567632,0.0012887639017288596,1.9699037834852324,0.3778772221779337,3,5,4.286864757537842,50,50,10,7.linear,5,MNIST_ConvNet,exemplar,lrns,0.9678,0.94,0.004,0.004,1,False
30,2.1955645242402606,2.6941233028410227,0.0015608313469074302,1.9699037834852324,0.3778772221779337,3,5,4.286864757537842,50,50,10,7.linear,5,MNIST_ConvNet,exemplar,lrns,0.9678,0.94,0.004,0.004,1,False
31,2.701838105637667,2.897319684920583,0.0026111946719628537,1.9699037834852324,0.3778772221779337,3,5,4.286864757537842,50,50,10,7.linear,5,MNIST_ConvNet,exemplar,lrns,0.9678,0.94,0.004,0.004,1,False
32,2.5415520701317074,2.7408753671172175,0.001049609498254692,1.9699037834852324,0.3778772221779337,3,5,4.286864757537842,50,50,10,7.linear,5,MNIST_ConvNet,exemplar,lrns,0.9678,0.94,0.004,0.004,1,False
33,1.6262466431459943,2.8777385537324127,0.0020289607516922204,1.9699037834852324,0.3778772221779337,3,5,4.286864757537842,50,50,10,7.linear,5,MNIST_ConvNet,exemplar,lrns,0.9678,0.94,0.004,0.004,1,False
34,2.1146447481279584,2.835467594001928,0.001995659798216211,1.9699037834852324,0.3778772221779337,3,5,4.286864757537842,50,50,10,7.linear,5,MNIST_ConvNet,exemplar,lrns,0.9678,0.94,0.004,0.004,1,False
35,1.3918076223729086,2.528200217612518,0.0015434606173147895,1.9699037834852324,0.3778772221779337,3,5,4.286864757537842,50,50,10,7.linear,5,MNIST_ConvNet,exemplar,lrns,0.9678,0.94,0.004,0.004,1,False
36,2.193806687034201,2.7202949837373724,0.0012544769609993528,1.9699037834852324,0.3778772221779337,3,5,4.286864757537842,50,50,10,7.linear,5,MNIST_ConvNet,exemplar,lrns,0.9678,0.94,0.004,0.004,1,False
37,2.0021843637065344,2.6225910769096665,0.0007431609605846849,1.9699037834852324,0.3778772221779337,3,5,4.286864757537842,50,50,10,7.linear,5,MNIST_ConvNet,exemplar,lrns,0.9678,0.94,0.004,0.004,1,False
38,2.1900150192877472,3.0895277688805356,0.0016505023868212654,1.9699037834852324,0.3778772221779337,3,5,4.286864757537842,50,50,10,7.linear,5,MNIST_ConvNet,exemplar,lrns,0.9678,0.94,0.004,0.004,1,False
39,1.575953950633963,2.159782634740118,0.0027027116718934684,1.9699037834852324,0.3778772221779337,3,5,4.286864757537842,50,50,10,7.linear,5,MNIST_ConvNet,exemplar,lrns,0.9678,0.94,0.004,0.004,1,False
40,1.6278980359810173,2.510330415425908,0.001604159957121521,1.9699037834852324,0.3778772221779337,3,5,4.286864757537842,50,50,10,7.linear,5,MNIST_ConvNet,exemplar,lrns,0.9678,0.94,0.004,0.004,1,False
41,1.860294836482278,3.231118207581834,0.000881388435027194,1.9699037834852324,0.3778772221779337,3,5,4.286864757537842,50,50,10,7.linear,5,MNIST_ConvNet,exemplar,lrns,0.9678,0.94,0.004,0.004,1,False
42,2.11188408469671,2.907073674158846,0.0007393374540646347,1.9699037834852324,0.3778772221779337,3,5,4.286864757537842,50,50,10,7.linear,5,MNIST_ConvNet,exemplar,lrns,0.9678,0.94,0.004,0.004,1,False
43,2.629308200594837,2.626829695752693,0.0009891839542130023,1.9699037834852324,0.3778772221779337,3,5,4.286864757537842,50,50,10,7.linear,5,MNIST_ConvNet,exemplar,lrns,0.9678,0.94,0.004,0.004,1,False
44,1.5988905191730847,2.105954701482818,0.0021159855180833786,1.9699037834852324,0.3778772221779337,3,5,4.286864757537842,50,50,10,7.linear,5,MNIST_ConvNet,exemplar,lrns,0.9678,0.94,0.004,0.004,1,False
45,2.0000572270194334,2.885150579796431,0.0019475651898860841,1.9699037834852324,0.3778772221779337,3,5,4.286864757537842,50,50,10,7.linear,5,MNIST_ConvNet,exemplar,lrns,0.9678,0.94,0.004,0.004,1,False
46,2.3724913462350288,2.8143817223828,0.00189032366609538,1.9699037834852324,0.3778772221779337,3,5,4.286864757537842,50,50,10,7.linear,5,MNIST_ConvNet,exemplar,lrns,0.9678,0.94,0.004,0.004,1,False
47,2.5286821904400103,2.9578681806357148,0.0024119723032384162,1.9699037834852324,0.3778772221779337,3,5,4.286864757537842,50,50,10,7.linear,5,MNIST_ConvNet,exemplar,lrns,0.9678,0.94,0.004,0.004,1,False
48,2.1898006490472675,2.45493302237824,0.0018702774234014457,1.9699037834852324,0.3778772221779337,3,5,4.286864757537842,50,50,10,7.linear,5,MNIST_ConvNet,exemplar,lrns,0.9678,0.94,0.004,0.004,1,False
49,2.031517669375573,2.7956760735984822,0.0008253097325291872,1.9699037834852324,0.3778772221779337,3,5,4.286864757537842,50,50,10,7.linear,5,MNIST_ConvNet,exemplar,lrns,0.9678,0.94,0.004,0.004,1,False
